# q I_dat dI_dat
0.006545 0.026045 0.001051
0.006742 0.024831 0.000706
0.007005 0.024170 0.000678
0.007268 0.024192 0.000638
0.007531 0.023088 0.000601
0.007794 0.023969 0.000577
0.008057 0.023669 0.000549
0.008320 0.023511 0.000534
0.008583 0.022859 0.000509
0.008846 0.023611 0.000491
0.009109 0.023259 0.000477
0.009372 0.023466 0.000459
0.009635 0.023347 0.000446
0.009898 0.023969 0.000431
0.010161 0.023107 0.000416
0.010424 0.023049 0.000413
0.010687 0.022628 0.000398
0.010949 0.022860 0.000390
0.011212 0.022741 0.000375
0.011475 0.022929 0.000366
0.011738 0.022701 0.000353
0.012001 0.022550 0.000340
0.012264 0.022458 0.000326
0.012527 0.022152 0.000317
0.012790 0.022664 0.000307
0.013053 0.022434 0.000301
0.013316 0.022603 0.000293
0.013579 0.022613 0.000288
0.013842 0.022130 0.000284
0.014105 0.021369 0.000277
0.014368 0.021829 0.000277
0.014631 0.021622 0.000271
0.014894 0.021658 0.000267
0.015157 0.021409 0.000264
0.015420 0.021303 0.000259
0.015683 0.021116 0.000259
0.016012 0.021249 0.000207
0.016406 0.021220 0.000204
0.016801 0.020684 0.000200
0.017195 0.020731 0.000197
0.017590 0.020676 0.000195
0.017984 0.020357 0.000191
0.018379 0.019993 0.000189
0.018773 0.020228 0.000186
0.019168 0.019769 0.000183
0.019562 0.019763 0.000182
0.019956 0.019130 0.000178
0.020351 0.019600 0.000177
0.020745 0.019171 0.000174
0.021140 0.018816 0.000172
0.021534 0.018827 0.000170
0.021929 0.018903 0.000168
0.022323 0.018435 0.000166
0.022718 0.018114 0.000164
0.023112 0.017925 0.000162
0.023507 0.017893 0.000161
0.023967 0.017899 0.000138
0.024493 0.017681 0.000136
0.025019 0.017315 0.000134
0.025545 0.017281 0.000132
0.026071 0.016834 0.000130
0.026597 0.016637 0.000129
0.027123 0.016403 0.000127
0.027649 0.016043 0.000126
0.028175 0.015830 0.000124
0.028701 0.015802 0.000123
0.029227 0.015474 0.000122
0.029752 0.015075 0.000120
0.030278 0.015170 0.000119
0.030804 0.014825 0.000117
0.031330 0.014433 0.000117
0.031922 0.014307 0.000103
0.032579 0.014001 0.000102
0.033237 0.013683 0.000101
0.033894 0.013181 0.000102
0.034552 0.013111 0.000102
0.035209 0.013004 0.000103
0.035867 0.012658 0.000105
0.036524 0.012457 0.000106
0.037182 0.012193 0.000106
0.037839 0.011824 0.000107
0.038496 0.011626 0.000105
0.039220 0.011361 0.000094
0.040009 0.011068 0.000093
0.040798 0.010675 0.000092
0.041586 0.010486 0.000091
0.042375 0.010253 0.000090
0.043164 0.009808 0.000089
0.043953 0.009661 0.000089
0.044742 0.009410 0.000088
0.045531 0.009049 0.000087
0.046386 0.008822 0.000082
0.047306 0.008513 0.000083
0.048227 0.008180 0.000084
0.049147 0.007926 0.000085
0.050067 0.007645 0.000085
0.050988 0.007282 0.000086
0.051908 0.007118 0.000086
0.052829 0.006961 0.000086
0.053815 0.006644 0.000081
0.054867 0.006375 0.000081
0.055919 0.006107 0.000081
0.056971 0.005852 0.000081
0.058022 0.005624 0.000081
0.059074 0.005330 0.000080
0.060126 0.005160 0.000079
0.061244 0.004958 0.000074
0.062427 0.004671 0.000074
0.063611 0.004561 0.000073
0.064794 0.004352 0.000073
0.065978 0.004182 0.000072
0.067227 0.003928 0.000068
0.068542 0.003831 0.000068
0.069857 0.003597 0.000067
0.071171 0.003370 0.000067
0.072486 0.003264 0.000066
0.073801 0.003122 0.000066
0.075182 0.002986 0.000063
0.076628 0.003039 0.000062
0.078075 0.002734 0.000062
0.079521 0.002757 0.000061
0.080967 0.002649 0.000061
0.082479 0.002458 0.000058
0.084057 0.002422 0.000058
0.085635 0.002291 0.000057
0.087213 0.002247 0.000057
0.088857 0.002302 0.000054
0.090566 0.002240 0.000054
0.092275 0.002159 0.000057
0.093985 0.002164 0.000055
0.095760 0.002139 0.000052
0.097601 0.002201 0.000052
0.099441 0.002164 0.000051
0.101282 0.002086 0.000051
0.103189 0.002148 0.000049
0.105161 0.002155 0.000048
0.107134 0.002214 0.000049
0.109172 0.002203 0.000051
0.111275 0.002192 0.000052
0.113379 0.002167 0.000049
0.115483 0.002208 0.000048
0.117653 0.002260 0.000046
0.119888 0.002269 0.000044
0.122123 0.002274 0.000044
0.124424 0.002258 0.000042
0.126791 0.002251 0.000042
0.129224 0.002277 0.000040
0.131722 0.002247 0.000040
0.134220 0.002309 0.000040
0.136784 0.002288 0.000038
0.139414 0.002274 0.000038
0.142044 0.002252 0.000038
0.144739 0.002281 0.000037
0.147501 0.002231 0.000036
0.150328 0.002280 0.000035
0.153220 0.002328 0.000035
0.156113 0.002247 0.000035
0.159072 0.002213 0.000034
0.162096 0.002167 0.000033
0.165186 0.002110 0.000032
0.168342 0.002064 0.000032
0.171563 0.002078 0.000031
0.174850 0.002050 0.000031
0.178203 0.002038 0.000030
0.181622 0.002023 0.000032
0.185106 0.001887 0.000032
0.188657 0.001867 0.000030
0.192272 0.001895 0.000029
0.195954 0.001789 0.000028
0.199702 0.001778 0.000028
0.203515 0.001745 0.000027
0.207394 0.001690 0.000027
0.211404 0.001592 0.000026
0.215480 0.001593 0.000026
0.219622 0.001538 0.000025
0.223830 0.001540 0.000025
0.228103 0.001455 0.000024
0.232508 0.001456 0.000026
0.236979 0.001388 0.000026
0.241515 0.001421 0.000026
0.246183 0.001388 0.000026
0.250982 0.001335 0.000026
0.255847 0.001326 0.000029
0.260778 0.001288 0.000032
0.265840 0.001242 0.000033
0.270968 0.001270 0.000035
0.276162 0.001241 0.000036
0.281488 0.001172 0.000038
0.286944 0.001249 0.000040
0.292533 0.001240 0.000042
0.298252 0.001173 0.000043
0.304038 0.001128 0.000047
0.309889 0.001252 0.000050
0.315872 0.001127 0.000056
0.321986 0.001056 0.000063
0.328232 0.001222 0.000076
0.334609 0.001341 0.000103
0.338948 0.001194 0.000257
