# q I_fit
# reduced chi-square = 4.05
0.006545 0.023052
0.006711 0.023027
0.006877 0.023002
0.007044 0.022977
0.007210 0.022951
0.007376 0.022925
0.007542 0.022897
0.007709 0.022870
0.007875 0.022841
0.008041 0.022813
0.008208 0.022783
0.008374 0.022753
0.008540 0.022723
0.008706 0.022692
0.008873 0.022660
0.009039 0.022628
0.009205 0.022595
0.009372 0.022562
0.009538 0.022528
0.009704 0.022494
0.009870 0.022459
0.010037 0.022423
0.010203 0.022387
0.010369 0.022351
0.010535 0.022314
0.010702 0.022276
0.010868 0.022238
0.011034 0.022199
0.011201 0.022160
0.011367 0.022121
0.011533 0.022080
0.011699 0.022040
0.011866 0.021999
0.012032 0.021957
0.012198 0.021915
0.012365 0.021872
0.012531 0.021829
0.012697 0.021785
0.012863 0.021741
0.013030 0.021697
0.013196 0.021652
0.013362 0.021606
0.013529 0.021560
0.013695 0.021514
0.013861 0.021467
0.014027 0.021419
0.014194 0.021372
0.014360 0.021323
0.014526 0.021275
0.014693 0.021225
0.014859 0.021176
0.015025 0.021126
0.015191 0.021075
0.015358 0.021024
0.015524 0.020973
0.015690 0.020921
0.015857 0.020869
0.016023 0.020816
0.016189 0.020763
0.016355 0.020710
0.016522 0.020656
0.016688 0.020602
0.016854 0.020547
0.017021 0.020492
0.017187 0.020437
0.017353 0.020381
0.017519 0.020325
0.017686 0.020268
0.017852 0.020212
0.018018 0.020154
0.018185 0.020097
0.018351 0.020039
0.018517 0.019980
0.018683 0.019922
0.018850 0.019863
0.019016 0.019803
0.019182 0.019744
0.019349 0.019684
0.019515 0.019623
0.019681 0.019563
0.019847 0.019502
0.020014 0.019440
0.020180 0.019379
0.020346 0.019317
0.020513 0.019255
0.020679 0.019192
0.020845 0.019130
0.021011 0.019066
0.021178 0.019003
0.021344 0.018939
0.021510 0.018876
0.021677 0.018811
0.021843 0.018747
0.022009 0.018682
0.022175 0.018617
0.022342 0.018552
0.022508 0.018487
0.022674 0.018421
0.022841 0.018355
0.023007 0.018289
0.023173 0.018223
0.023339 0.018156
0.023506 0.018089
0.023672 0.018022
0.023838 0.017955
0.024005 0.017888
0.024171 0.017820
0.024337 0.017752
0.024503 0.017684
0.024670 0.017616
0.024836 0.017548
0.025002 0.017479
0.025169 0.017411
0.025335 0.017342
0.025501 0.017273
0.025667 0.017204
0.025834 0.017134
0.026000 0.017065
0.026166 0.016995
0.026333 0.016925
0.026499 0.016855
0.026665 0.016785
0.026831 0.016715
0.026998 0.016645
0.027164 0.016575
0.027330 0.016504
0.027497 0.016434
0.027663 0.016363
0.027829 0.016292
0.027995 0.016221
0.028162 0.016150
0.028328 0.016079
0.028494 0.016008
0.028661 0.015937
0.028827 0.015865
0.028993 0.015794
0.029159 0.015723
0.029326 0.015651
0.029492 0.015580
0.029658 0.015508
0.029825 0.015437
0.029991 0.015365
0.030157 0.015293
0.030323 0.015221
0.030490 0.015150
0.030656 0.015078
0.030822 0.015006
0.030989 0.014934
0.031155 0.014863
0.031321 0.014791
0.031487 0.014719
0.031654 0.014647
0.031820 0.014575
0.031986 0.014504
0.032153 0.014432
0.032319 0.014360
0.032485 0.014288
0.032651 0.014217
0.032818 0.014145
0.032984 0.014074
0.033150 0.014002
0.033317 0.013930
0.033483 0.013859
0.033649 0.013788
0.033815 0.013716
0.033982 0.013645
0.034148 0.013574
0.034314 0.013503
0.034481 0.013431
0.034647 0.013360
0.034813 0.013289
0.034979 0.013219
0.035146 0.013148
0.035312 0.013077
0.035478 0.013007
0.035645 0.012936
0.035811 0.012866
0.035977 0.012796
0.036143 0.012725
0.036310 0.012655
0.036476 0.012585
0.036642 0.012516
0.036808 0.012446
0.036975 0.012376
0.037141 0.012307
0.037307 0.012238
0.037474 0.012169
0.037640 0.012100
0.037806 0.012031
0.037972 0.011962
0.038139 0.011893
0.038305 0.011825
0.038471 0.011757
0.038638 0.011689
0.038804 0.011621
0.038970 0.011553
0.039136 0.011485
0.039303 0.011418
0.039469 0.011351
0.039635 0.011284
0.039802 0.011217
0.039968 0.011150
0.040134 0.011084
0.040300 0.011017
0.040467 0.010951
0.040633 0.010885
0.040799 0.010820
0.040966 0.010754
0.041132 0.010689
0.041298 0.010624
0.041464 0.010559
0.041631 0.010494
0.041797 0.010430
0.041963 0.010366
0.042130 0.010301
0.042296 0.010238
0.042462 0.010174
0.042628 0.010111
0.042795 0.010048
0.042961 0.009985
0.043127 0.009922
0.043294 0.009860
0.043460 0.009797
0.043626 0.009736
0.043792 0.009674
0.043959 0.009612
0.044125 0.009551
0.044291 0.009490
0.044458 0.009430
0.044624 0.009369
0.044790 0.009309
0.044956 0.009249
0.045123 0.009189
0.045289 0.009130
0.045455 0.009071
0.045622 0.009012
0.045788 0.008953
0.045954 0.008895
0.046120 0.008837
0.046287 0.008779
0.046453 0.008721
0.046619 0.008664
0.046786 0.008607
0.046952 0.008550
0.047118 0.008494
0.047284 0.008438
0.047451 0.008382
0.047617 0.008326
0.047783 0.008271
0.047950 0.008216
0.048116 0.008161
0.048282 0.008107
0.048448 0.008052
0.048615 0.007999
0.048781 0.007945
0.048947 0.007892
0.049114 0.007839
0.049280 0.007786
0.049446 0.007733
0.049612 0.007681
0.049779 0.007630
0.049945 0.007578
0.050111 0.007527
0.050278 0.007476
0.050444 0.007425
0.050610 0.007375
0.050776 0.007325
0.050943 0.007275
0.051109 0.007226
0.051275 0.007176
0.051442 0.007128
0.051608 0.007079
0.051774 0.007031
0.051940 0.006983
0.052107 0.006935
0.052273 0.006888
0.052439 0.006841
0.052606 0.006794
0.052772 0.006748
0.052938 0.006702
0.053104 0.006656
0.053271 0.006610
0.053437 0.006565
0.053603 0.006520
0.053770 0.006476
0.053936 0.006432
0.054102 0.006388
0.054268 0.006344
0.054435 0.006301
0.054601 0.006258
0.054767 0.006215
0.054934 0.006173
0.055100 0.006130
0.055266 0.006089
0.055432 0.006047
0.055599 0.006006
0.055765 0.005965
0.055931 0.005924
0.056098 0.005884
0.056264 0.005844
0.056430 0.005805
0.056596 0.005765
0.056763 0.005726
0.056929 0.005687
0.057095 0.005649
0.057262 0.005611
0.057428 0.005573
0.057594 0.005535
0.057760 0.005498
0.057927 0.005461
0.058093 0.005425
0.058259 0.005388
0.058426 0.005352
0.058592 0.005316
0.058758 0.005281
0.058924 0.005246
0.059091 0.005211
0.059257 0.005176
0.059423 0.005142
0.059590 0.005108
0.059756 0.005075
0.059922 0.005041
0.060088 0.005008
0.060255 0.004975
0.060421 0.004943
0.060587 0.004910
0.060754 0.004878
0.060920 0.004847
0.061086 0.004815
0.061252 0.004784
0.061419 0.004754
0.061585 0.004723
0.061751 0.004693
0.061918 0.004663
0.062084 0.004633
0.062250 0.004604
0.062416 0.004575
0.062583 0.004546
0.062749 0.004517
0.062915 0.004489
0.063081 0.004461
0.063248 0.004433
0.063414 0.004405
0.063580 0.004378
0.063747 0.004351
0.063913 0.004324
0.064079 0.004298
0.064245 0.004272
0.064412 0.004246
0.064578 0.004220
0.064744 0.004195
0.064911 0.004170
0.065077 0.004145
0.065243 0.004120
0.065409 0.004096
0.065576 0.004072
0.065742 0.004048
0.065908 0.004024
0.066075 0.004001
0.066241 0.003978
0.066407 0.003955
0.066573 0.003932
0.066740 0.003910
0.066906 0.003887
0.067072 0.003865
0.067239 0.003844
0.067405 0.003822
0.067571 0.003801
0.067737 0.003780
0.067904 0.003759
0.068070 0.003739
0.068236 0.003718
0.068403 0.003698
0.068569 0.003679
0.068735 0.003659
0.068901 0.003639
0.069068 0.003620
0.069234 0.003601
0.069400 0.003583
0.069567 0.003564
0.069733 0.003546
0.069899 0.003527
0.070065 0.003510
0.070232 0.003492
0.070398 0.003474
0.070564 0.003457
0.070731 0.003440
0.070897 0.003423
0.071063 0.003406
0.071229 0.003390
0.071396 0.003374
0.071562 0.003358
0.071728 0.003342
0.071895 0.003326
0.072061 0.003310
0.072227 0.003295
0.072393 0.003280
0.072560 0.003265
0.072726 0.003250
0.072892 0.003236
0.073059 0.003221
0.073225 0.003207
0.073391 0.003193
0.073557 0.003179
0.073724 0.003165
0.073890 0.003152
0.074056 0.003138
0.074223 0.003125
0.074389 0.003112
0.074555 0.003099
0.074721 0.003087
0.074888 0.003074
0.075054 0.003062
0.075220 0.003049
0.075387 0.003037
0.075553 0.003026
0.075719 0.003014
0.075885 0.003002
0.076052 0.002991
0.076218 0.002979
0.076384 0.002968
0.076551 0.002957
0.076717 0.002946
0.076883 0.002936
0.077049 0.002925
0.077216 0.002915
0.077382 0.002904
0.077548 0.002894
0.077715 0.002884
0.077881 0.002874
0.078047 0.002865
0.078213 0.002855
0.078380 0.002846
0.078546 0.002836
0.078712 0.002827
0.078879 0.002818
0.079045 0.002809
0.079211 0.002800
0.079377 0.002791
0.079544 0.002783
0.079710 0.002774
0.079876 0.002766
0.080043 0.002758
0.080209 0.002749
0.080375 0.002741
0.080541 0.002733
0.080708 0.002726
0.080874 0.002718
0.081040 0.002710
0.081207 0.002703
0.081373 0.002695
0.081539 0.002688
0.081705 0.002681
0.081872 0.002674
0.082038 0.002667
0.082204 0.002660
0.082371 0.002653
0.082537 0.002646
0.082703 0.002640
0.082869 0.002633
0.083036 0.002627
0.083202 0.002620
0.083368 0.002614
0.083535 0.002608
0.083701 0.002602
0.083867 0.002596
0.084033 0.002590
0.084200 0.002584
0.084366 0.002578
0.084532 0.002573
0.084699 0.002567
0.084865 0.002562
0.085031 0.002556
0.085197 0.002551
0.085364 0.002545
0.085530 0.002540
0.085696 0.002535
0.085863 0.002530
0.086029 0.002525
0.086195 0.002520
0.086361 0.002515
0.086528 0.002510
0.086694 0.002506
0.086860 0.002501
0.087027 0.002496
0.087193 0.002492
0.087359 0.002487
0.087525 0.002483
0.087692 0.002478
0.087858 0.002474
0.088024 0.002470
0.088191 0.002466
0.088357 0.002462
0.088523 0.002457
0.088689 0.002453
0.088856 0.002449
0.089022 0.002446
0.089188 0.002442
0.089354 0.002438
0.089521 0.002434
0.089687 0.002430
0.089853 0.002427
0.090020 0.002423
0.090186 0.002419
0.090352 0.002416
0.090518 0.002412
0.090685 0.002409
0.090851 0.002406
0.091017 0.002402
0.091184 0.002399
0.091350 0.002396
0.091516 0.002392
0.091682 0.002389
0.091849 0.002386
0.092015 0.002383
0.092181 0.002380
0.092348 0.002377
0.092514 0.002374
0.092680 0.002371
0.092846 0.002368
0.093013 0.002365
0.093179 0.002362
0.093345 0.002359
0.093512 0.002356
0.093678 0.002354
0.093844 0.002351
0.094010 0.002348
0.094177 0.002346
0.094343 0.002343
0.094509 0.002340
0.094676 0.002338
0.094842 0.002335
0.095008 0.002333
0.095174 0.002330
0.095341 0.002328
0.095507 0.002325
0.095673 0.002323
0.095840 0.002320
0.096006 0.002318
0.096172 0.002316
0.096338 0.002313
0.096505 0.002311
0.096671 0.002309
0.096837 0.002307
0.097004 0.002304
0.097170 0.002302
0.097336 0.002300
0.097502 0.002298
0.097669 0.002296
0.097835 0.002294
0.098001 0.002291
0.098168 0.002289
0.098334 0.002287
0.098500 0.002285
0.098666 0.002283
0.098833 0.002281
0.098999 0.002279
0.099165 0.002277
0.099332 0.002275
0.099498 0.002274
0.099664 0.002272
0.099830 0.002270
0.099997 0.002268
0.100163 0.002266
0.100329 0.002264
0.100496 0.002262
0.100662 0.002261
0.100828 0.002259
0.100994 0.002257
0.101161 0.002255
0.101327 0.002254
0.101493 0.002252
0.101660 0.002250
0.101826 0.002249
0.101992 0.002247
0.102158 0.002245
0.102325 0.002244
0.102491 0.002242
0.102657 0.002241
0.102824 0.002239
0.102990 0.002237
0.103156 0.002236
0.103322 0.002234
0.103489 0.002233
0.103655 0.002231
0.103821 0.002230
0.103988 0.002228
0.104154 0.002227
0.104320 0.002226
0.104486 0.002224
0.104653 0.002223
0.104819 0.002221
0.104985 0.002220
0.105152 0.002219
0.105318 0.002217
0.105484 0.002216
0.105650 0.002215
0.105817 0.002213
0.105983 0.002212
0.106149 0.002211
0.106316 0.002209
0.106482 0.002208
0.106648 0.002207
0.106814 0.002206
0.106981 0.002205
0.107147 0.002203
0.107313 0.002202
0.107480 0.002201
0.107646 0.002200
0.107812 0.002199
0.107978 0.002198
0.108145 0.002196
0.108311 0.002195
0.108477 0.002194
0.108644 0.002193
0.108810 0.002192
0.108976 0.002191
0.109142 0.002190
0.109309 0.002189
0.109475 0.002188
0.109641 0.002187
0.109808 0.002186
0.109974 0.002185
0.110140 0.002184
0.110306 0.002183
0.110473 0.002182
0.110639 0.002182
0.110805 0.002181
0.110972 0.002180
0.111138 0.002179
0.111304 0.002178
0.111470 0.002177
0.111637 0.002176
0.111803 0.002176
0.111969 0.002175
0.112136 0.002174
0.112302 0.002173
0.112468 0.002173
0.112634 0.002172
0.112801 0.002171
0.112967 0.002171
0.113133 0.002170
0.113300 0.002169
0.113466 0.002169
0.113632 0.002168
0.113798 0.002167
0.113965 0.002167
0.114131 0.002166
0.114297 0.002166
0.114464 0.002165
0.114630 0.002164
0.114796 0.002164
0.114962 0.002163
0.115129 0.002163
0.115295 0.002162
0.115461 0.002162
0.115628 0.002161
0.115794 0.002161
0.115960 0.002161
0.116126 0.002160
0.116293 0.002160
0.116459 0.002159
0.116625 0.002159
0.116791 0.002159
0.116958 0.002158
0.117124 0.002158
0.117290 0.002158
0.117457 0.002158
0.117623 0.002157
0.117789 0.002157
0.117955 0.002157
0.118122 0.002157
0.118288 0.002156
0.118454 0.002156
0.118621 0.002156
0.118787 0.002156
0.118953 0.002156
0.119119 0.002156
0.119286 0.002155
0.119452 0.002155
0.119618 0.002155
0.119785 0.002155
0.119951 0.002155
0.120117 0.002155
0.120283 0.002155
0.120450 0.002155
0.120616 0.002155
0.120782 0.002155
0.120949 0.002155
0.121115 0.002155
0.121281 0.002155
0.121447 0.002155
0.121614 0.002155
0.121780 0.002156
0.121946 0.002156
0.122113 0.002156
0.122279 0.002156
0.122445 0.002156
0.122611 0.002156
0.122778 0.002157
0.122944 0.002157
0.123110 0.002157
0.123277 0.002157
0.123443 0.002157
0.123609 0.002158
0.123775 0.002158
0.123942 0.002158
0.124108 0.002159
0.124274 0.002159
0.124441 0.002159
0.124607 0.002160
0.124773 0.002160
0.124939 0.002160
0.125106 0.002161
0.125272 0.002161
0.125438 0.002162
0.125605 0.002162
0.125771 0.002162
0.125937 0.002163
0.126103 0.002163
0.126270 0.002164
0.126436 0.002164
0.126602 0.002165
0.126769 0.002165
0.126935 0.002166
0.127101 0.002166
0.127267 0.002167
0.127434 0.002168
0.127600 0.002168
0.127766 0.002169
0.127933 0.002169
0.128099 0.002170
0.128265 0.002170
0.128431 0.002171
0.128598 0.002172
0.128764 0.002172
0.128930 0.002173
0.129097 0.002174
0.129263 0.002174
0.129429 0.002175
0.129595 0.002176
0.129762 0.002176
0.129928 0.002177
0.130094 0.002178
0.130261 0.002179
0.130427 0.002179
0.130593 0.002180
0.130759 0.002181
0.130926 0.002182
0.131092 0.002182
0.131258 0.002183
0.131425 0.002184
0.131591 0.002185
0.131757 0.002185
0.131923 0.002186
0.132090 0.002187
0.132256 0.002188
0.132422 0.002189
0.132589 0.002190
0.132755 0.002190
0.132921 0.002191
0.133087 0.002192
0.133254 0.002193
0.133420 0.002194
0.133586 0.002195
0.133753 0.002195
0.133919 0.002196
0.134085 0.002197
0.134251 0.002198
0.134418 0.002199
0.134584 0.002200
0.134750 0.002201
0.134917 0.002202
0.135083 0.002202
0.135249 0.002203
0.135415 0.002204
0.135582 0.002205
0.135748 0.002206
0.135914 0.002207
0.136081 0.002208
0.136247 0.002209
0.136413 0.002210
0.136579 0.002210
0.136746 0.002211
0.136912 0.002212
0.137078 0.002213
0.137245 0.002214
0.137411 0.002215
0.137577 0.002216
0.137743 0.002217
0.137910 0.002218
0.138076 0.002219
0.138242 0.002219
0.138409 0.002220
0.138575 0.002221
0.138741 0.002222
0.138907 0.002223
0.139074 0.002224
0.139240 0.002225
0.139406 0.002226
0.139573 0.002226
0.139739 0.002227
0.139905 0.002228
0.140071 0.002229
0.140238 0.002230
0.140404 0.002231
0.140570 0.002232
0.140737 0.002232
0.140903 0.002233
0.141069 0.002234
0.141235 0.002235
0.141402 0.002236
0.141568 0.002237
0.141734 0.002237
0.141901 0.002238
0.142067 0.002239
0.142233 0.002240
0.142399 0.002240
0.142566 0.002241
0.142732 0.002242
0.142898 0.002243
0.143064 0.002243
0.143231 0.002244
0.143397 0.002245
0.143563 0.002246
0.143730 0.002246
0.143896 0.002247
0.144062 0.002248
0.144228 0.002248
0.144395 0.002249
0.144561 0.002250
0.144727 0.002250
0.144894 0.002251
0.145060 0.002252
0.145226 0.002252
0.145392 0.002253
0.145559 0.002253
0.145725 0.002254
0.145891 0.002255
0.146058 0.002255
0.146224 0.002256
0.146390 0.002256
0.146556 0.002257
0.146723 0.002257
0.146889 0.002258
0.147055 0.002258
0.147222 0.002259
0.147388 0.002259
0.147554 0.002260
0.147720 0.002260
0.147887 0.002260
0.148053 0.002261
0.148219 0.002261
0.148386 0.002262
0.148552 0.002262
0.148718 0.002262
0.148884 0.002263
0.149051 0.002263
0.149217 0.002263
0.149383 0.002263
0.149550 0.002264
0.149716 0.002264
0.149882 0.002264
0.150048 0.002264
0.150215 0.002265
0.150381 0.002265
0.150547 0.002265
0.150714 0.002265
0.150880 0.002265
0.151046 0.002265
0.151212 0.002265
0.151379 0.002266
0.151545 0.002266
0.151711 0.002266
0.151878 0.002266
0.152044 0.002266
0.152210 0.002266
0.152376 0.002266
0.152543 0.002266
0.152709 0.002266
0.152875 0.002266
0.153042 0.002265
0.153208 0.002265
0.153374 0.002265
0.153540 0.002265
0.153707 0.002265
0.153873 0.002265
0.154039 0.002265
0.154206 0.002264
0.154372 0.002264
0.154538 0.002264
0.154704 0.002264
0.154871 0.002263
0.155037 0.002263
0.155203 0.002263
0.155370 0.002262
0.155536 0.002262
0.155702 0.002262
0.155868 0.002261
0.156035 0.002261
0.156201 0.002260
0.156367 0.002260
0.156534 0.002259
0.156700 0.002259
0.156866 0.002258
0.157032 0.002258
0.157199 0.002257
0.157365 0.002257
0.157531 0.002256
0.157698 0.002255
0.157864 0.002255
0.158030 0.002254
0.158196 0.002254
0.158363 0.002253
0.158529 0.002252
0.158695 0.002251
0.158862 0.002251
0.159028 0.002250
0.159194 0.002249
0.159360 0.002248
0.159527 0.002247
0.159693 0.002247
0.159859 0.002246
0.160026 0.002245
0.160192 0.002244
0.160358 0.002243
0.160524 0.002242
0.160691 0.002241
0.160857 0.002240
0.161023 0.002239
0.161190 0.002238
0.161356 0.002237
0.161522 0.002236
0.161688 0.002235
0.161855 0.002234
0.162021 0.002233
0.162187 0.002232
0.162354 0.002230
0.162520 0.002229
0.162686 0.002228
0.162852 0.002227
0.163019 0.002226
0.163185 0.002224
0.163351 0.002223
0.163518 0.002222
0.163684 0.002221
0.163850 0.002219
0.164016 0.002218
0.164183 0.002217
0.164349 0.002215
0.164515 0.002214
0.164682 0.002212
0.164848 0.002211
0.165014 0.002209
0.165180 0.002208
0.165347 0.002207
0.165513 0.002205
0.165679 0.002204
0.165846 0.002202
0.166012 0.002200
0.166178 0.002199
0.166344 0.002197
0.166511 0.002196
0.166677 0.002194
0.166843 0.002192
0.167010 0.002191
0.167176 0.002189
0.167342 0.002187
0.167508 0.002186
0.167675 0.002184
0.167841 0.002182
0.168007 0.002181
0.168174 0.002179
0.168340 0.002177
0.168506 0.002175
0.168672 0.002173
0.168839 0.002172
0.169005 0.002170
0.169171 0.002168
0.169337 0.002166
0.169504 0.002164
0.169670 0.002162
0.169836 0.002160
0.170003 0.002158
0.170169 0.002156
0.170335 0.002154
0.170501 0.002153
0.170668 0.002151
0.170834 0.002149
0.171000 0.002147
0.171167 0.002145
0.171333 0.002142
0.171499 0.002140
0.171665 0.002138
0.171832 0.002136
0.171998 0.002134
0.172164 0.002132
0.172331 0.002130
0.172497 0.002128
0.172663 0.002126
0.172829 0.002124
0.172996 0.002121
0.173162 0.002119
0.173328 0.002117
0.173495 0.002115
0.173661 0.002113
0.173827 0.002110
0.173993 0.002108
0.174160 0.002106
0.174326 0.002104
0.174492 0.002101
0.174659 0.002099
0.174825 0.002097
0.174991 0.002095
0.175157 0.002092
0.175324 0.002090
0.175490 0.002088
0.175656 0.002085
0.175823 0.002083
0.175989 0.002081
0.176155 0.002078
0.176321 0.002076
0.176488 0.002074
0.176654 0.002071
0.176820 0.002069
0.176987 0.002066
0.177153 0.002064
0.177319 0.002062
0.177485 0.002059
0.177652 0.002057
0.177818 0.002054
0.177984 0.002052
0.178151 0.002049
0.178317 0.002047
0.178483 0.002044
0.178649 0.002042
0.178816 0.002039
0.178982 0.002037
0.179148 0.002034
0.179315 0.002032
0.179481 0.002029
0.179647 0.002027
0.179813 0.002024
0.179980 0.002022
0.180146 0.002019
0.180312 0.002017
0.180479 0.002014
0.180645 0.002012
0.180811 0.002009
0.180977 0.002007
0.181144 0.002004
0.181310 0.002002
0.181476 0.001999
0.181643 0.001996
0.181809 0.001994
0.181975 0.001991
0.182141 0.001989
0.182308 0.001986
0.182474 0.001983
0.182640 0.001981
0.182807 0.001978
0.182973 0.001976
0.183139 0.001973
0.183305 0.001970
0.183472 0.001968
0.183638 0.001965
0.183804 0.001963
0.183971 0.001960
0.184137 0.001957
0.184303 0.001955
0.184469 0.001952
0.184636 0.001950
0.184802 0.001947
0.184968 0.001944
0.185135 0.001942
0.185301 0.001939
0.185467 0.001936
0.185633 0.001934
0.185800 0.001931
0.185966 0.001929
0.186132 0.001926
0.186299 0.001923
0.186465 0.001921
0.186631 0.001918
0.186797 0.001915
0.186964 0.001913
0.187130 0.001910
0.187296 0.001908
0.187463 0.001905
0.187629 0.001902
0.187795 0.001900
0.187961 0.001897
0.188128 0.001894
0.188294 0.001892
0.188460 0.001889
0.188627 0.001887
0.188793 0.001884
0.188959 0.001881
0.189125 0.001879
0.189292 0.001876
0.189458 0.001874
0.189624 0.001871
0.189791 0.001868
0.189957 0.001866
0.190123 0.001863
0.190289 0.001861
0.190456 0.001858
0.190622 0.001855
0.190788 0.001853
0.190955 0.001850
0.191121 0.001848
0.191287 0.001845
0.191453 0.001842
0.191620 0.001840
0.191786 0.001837
0.191952 0.001835
0.192119 0.001832
0.192285 0.001830
0.192451 0.001827
0.192617 0.001825
0.192784 0.001822
0.192950 0.001819
0.193116 0.001817
0.193283 0.001814
0.193449 0.001812
0.193615 0.001809
0.193781 0.001807
0.193948 0.001804
0.194114 0.001802
0.194280 0.001799
0.194447 0.001797
0.194613 0.001794
0.194779 0.001792
0.194945 0.001789
0.195112 0.001787
0.195278 0.001784
0.195444 0.001782
0.195610 0.001779
0.195777 0.001777
0.195943 0.001774
0.196109 0.001772
0.196276 0.001769
0.196442 0.001767
0.196608 0.001764
0.196774 0.001762
0.196941 0.001760
0.197107 0.001757
0.197273 0.001755
0.197440 0.001752
0.197606 0.001750
0.197772 0.001748
0.197938 0.001745
0.198105 0.001743
0.198271 0.001740
0.198437 0.001738
0.198604 0.001736
0.198770 0.001733
0.198936 0.001731
0.199102 0.001728
0.199269 0.001726
0.199435 0.001724
0.199601 0.001721
0.199768 0.001719
0.199934 0.001717
0.200100 0.001714
0.200266 0.001712
0.200433 0.001710
0.200599 0.001707
0.200765 0.001705
0.200932 0.001703
0.201098 0.001701
0.201264 0.001698
0.201430 0.001696
0.201597 0.001694
0.201763 0.001692
0.201929 0.001689
0.202096 0.001687
0.202262 0.001685
0.202428 0.001683
0.202594 0.001680
0.202761 0.001678
0.202927 0.001676
0.203093 0.001674
0.203260 0.001671
0.203426 0.001669
0.203592 0.001667
0.203758 0.001665
0.203925 0.001663
0.204091 0.001661
0.204257 0.001658
0.204424 0.001656
0.204590 0.001654
0.204756 0.001652
0.204922 0.001650
0.205089 0.001648
0.205255 0.001646
0.205421 0.001643
0.205588 0.001641
0.205754 0.001639
0.205920 0.001637
0.206086 0.001635
0.206253 0.001633
0.206419 0.001631
0.206585 0.001629
0.206752 0.001627
0.206918 0.001625
0.207084 0.001623
0.207250 0.001621
0.207417 0.001619
0.207583 0.001617
0.207749 0.001615
0.207916 0.001613
0.208082 0.001611
0.208248 0.001609
0.208414 0.001607
0.208581 0.001605
0.208747 0.001603
0.208913 0.001601
0.209080 0.001599
0.209246 0.001597
0.209412 0.001595
0.209578 0.001593
0.209745 0.001591
0.209911 0.001589
0.210077 0.001587
0.210244 0.001585
0.210410 0.001583
0.210576 0.001581
0.210742 0.001580
0.210909 0.001578
0.211075 0.001576
0.211241 0.001574
0.211408 0.001572
0.211574 0.001570
0.211740 0.001568
0.211906 0.001567
0.212073 0.001565
0.212239 0.001563
0.212405 0.001561
0.212572 0.001559
0.212738 0.001557
0.212904 0.001556
0.213070 0.001554
0.213237 0.001552
0.213403 0.001550
0.213569 0.001549
0.213736 0.001547
0.213902 0.001545
0.214068 0.001543
0.214234 0.001542
0.214401 0.001540
0.214567 0.001538
0.214733 0.001536
0.214900 0.001535
0.215066 0.001533
0.215232 0.001531
0.215398 0.001530
0.215565 0.001528
0.215731 0.001526
0.215897 0.001525
0.216064 0.001523
0.216230 0.001521
0.216396 0.001520
0.216562 0.001518
0.216729 0.001516
0.216895 0.001515
0.217061 0.001513
0.217228 0.001511
0.217394 0.001510
0.217560 0.001508
0.217726 0.001507
0.217893 0.001505
0.218059 0.001503
0.218225 0.001502
0.218392 0.001500
0.218558 0.001499
0.218724 0.001497
0.218890 0.001496
0.219057 0.001494
0.219223 0.001493
0.219389 0.001491
0.219556 0.001490
0.219722 0.001488
0.219888 0.001487
0.220054 0.001485
0.220221 0.001484
0.220387 0.001482
0.220553 0.001481
0.220720 0.001479
0.220886 0.001478
0.221052 0.001476
0.221218 0.001475
0.221385 0.001473
0.221551 0.001472
0.221717 0.001470
0.221883 0.001469
0.222050 0.001468
0.222216 0.001466
0.222382 0.001465
0.222549 0.001463
0.222715 0.001462
0.222881 0.001461
0.223047 0.001459
0.223214 0.001458
0.223380 0.001457
0.223546 0.001455
0.223713 0.001454
0.223879 0.001452
0.224045 0.001451
0.224211 0.001450
0.224378 0.001449
0.224544 0.001447
0.224710 0.001446
0.224877 0.001445
0.225043 0.001443
0.225209 0.001442
0.225375 0.001441
0.225542 0.001439
0.225708 0.001438
0.225874 0.001437
0.226041 0.001436
0.226207 0.001434
0.226373 0.001433
0.226539 0.001432
0.226706 0.001431
0.226872 0.001430
0.227038 0.001428
0.227205 0.001427
0.227371 0.001426
0.227537 0.001425
0.227703 0.001424
0.227870 0.001422
0.228036 0.001421
0.228202 0.001420
0.228369 0.001419
0.228535 0.001418
0.228701 0.001417
0.228867 0.001415
0.229034 0.001414
0.229200 0.001413
0.229366 0.001412
0.229533 0.001411
0.229699 0.001410
0.229865 0.001409
0.230031 0.001408
0.230198 0.001407
0.230364 0.001406
0.230530 0.001404
0.230697 0.001403
0.230863 0.001402
0.231029 0.001401
0.231195 0.001400
0.231362 0.001399
0.231528 0.001398
0.231694 0.001397
0.231861 0.001396
0.232027 0.001395
0.232193 0.001394
0.232359 0.001393
0.232526 0.001392
0.232692 0.001391
0.232858 0.001390
0.233025 0.001389
0.233191 0.001388
0.233357 0.001387
0.233523 0.001386
0.233690 0.001385
0.233856 0.001384
0.234022 0.001384
0.234189 0.001383
0.234355 0.001382
0.234521 0.001381
0.234687 0.001380
0.234854 0.001379
0.235020 0.001378
0.235186 0.001377
0.235353 0.001376
0.235519 0.001375
0.235685 0.001375
0.235851 0.001374
0.236018 0.001373
0.236184 0.001372
0.236350 0.001371
0.236517 0.001370
0.236683 0.001370
0.236849 0.001369
0.237015 0.001368
0.237182 0.001367
0.237348 0.001366
0.237514 0.001366
0.237681 0.001365
0.237847 0.001364
0.238013 0.001363
0.238179 0.001363
0.238346 0.001362
0.238512 0.001361
0.238678 0.001360
0.238845 0.001360
0.239011 0.001359
0.239177 0.001358
0.239343 0.001357
0.239510 0.001357
0.239676 0.001356
0.239842 0.001355
0.240009 0.001355
0.240175 0.001354
0.240341 0.001353
0.240507 0.001353
0.240674 0.001352
0.240840 0.001351
0.241006 0.001351
0.241173 0.001350
0.241339 0.001349
0.241505 0.001349
0.241671 0.001348
0.241838 0.001347
0.242004 0.001347
0.242170 0.001346
0.242337 0.001346
0.242503 0.001345
0.242669 0.001344
0.242835 0.001344
0.243002 0.001343
0.243168 0.001343
0.243334 0.001342
0.243501 0.001342
0.243667 0.001341
0.243833 0.001341
0.243999 0.001340
0.244166 0.001339
0.244332 0.001339
0.244498 0.001338
0.244665 0.001338
0.244831 0.001337
0.244997 0.001337
0.245163 0.001336
0.245330 0.001336
0.245496 0.001335
0.245662 0.001335
0.245829 0.001335
0.245995 0.001334
0.246161 0.001334
0.246327 0.001333
0.246494 0.001333
0.246660 0.001332
0.246826 0.001332
0.246993 0.001331
0.247159 0.001331
0.247325 0.001331
0.247491 0.001330
0.247658 0.001330
0.247824 0.001329
0.247990 0.001329
0.248157 0.001329
0.248323 0.001328
0.248489 0.001328
0.248655 0.001328
0.248822 0.001327
0.248988 0.001327
0.249154 0.001326
0.249320 0.001326
0.249487 0.001326
0.249653 0.001325
0.249819 0.001325
0.249986 0.001325
0.250152 0.001325
0.250318 0.001324
0.250484 0.001324
0.250651 0.001324
0.250817 0.001323
0.250983 0.001323
0.251150 0.001323
0.251316 0.001322
0.251482 0.001322
0.251648 0.001322
0.251815 0.001322
0.251981 0.001321
0.252147 0.001321
0.252314 0.001321
0.252480 0.001321
0.252646 0.001320
0.252812 0.001320
0.252979 0.001320
0.253145 0.001320
0.253311 0.001320
0.253478 0.001319
0.253644 0.001319
0.253810 0.001319
0.253976 0.001319
0.254143 0.001319
0.254309 0.001318
0.254475 0.001318
0.254642 0.001318
0.254808 0.001318
0.254974 0.001318
0.255140 0.001318
0.255307 0.001317
0.255473 0.001317
0.255639 0.001317
0.255806 0.001317
0.255972 0.001317
0.256138 0.001317
0.256304 0.001317
0.256471 0.001316
0.256637 0.001316
0.256803 0.001316
0.256970 0.001316
0.257136 0.001316
0.257302 0.001316
0.257468 0.001316
0.257635 0.001316
0.257801 0.001316
0.257967 0.001315
0.258134 0.001315
0.258300 0.001315
0.258466 0.001315
0.258632 0.001315
0.258799 0.001315
0.258965 0.001315
0.259131 0.001315
0.259298 0.001315
0.259464 0.001315
0.259630 0.001315
0.259796 0.001315
0.259963 0.001315
0.260129 0.001315
0.260295 0.001315
0.260462 0.001315
0.260628 0.001315
0.260794 0.001315
0.260960 0.001315
0.261127 0.001315
0.261293 0.001315
0.261459 0.001315
0.261626 0.001315
0.261792 0.001315
0.261958 0.001315
0.262124 0.001315
0.262291 0.001315
0.262457 0.001315
0.262623 0.001315
0.262790 0.001315
0.262956 0.001315
0.263122 0.001315
0.263288 0.001315
0.263455 0.001315
0.263621 0.001315
0.263787 0.001315
0.263954 0.001315
0.264120 0.001315
0.264286 0.001315
0.264452 0.001315
0.264619 0.001315
0.264785 0.001315
0.264951 0.001315
0.265118 0.001315
0.265284 0.001315
0.265450 0.001315
0.265616 0.001315
0.265783 0.001315
0.265949 0.001315
0.266115 0.001315
0.266282 0.001315
0.266448 0.001315
0.266614 0.001316
0.266780 0.001316
0.266947 0.001316
0.267113 0.001316
0.267279 0.001316
0.267446 0.001316
0.267612 0.001316
0.267778 0.001316
0.267944 0.001316
0.268111 0.001316
0.268277 0.001316
0.268443 0.001316
0.268610 0.001316
0.268776 0.001317
0.268942 0.001317
0.269108 0.001317
0.269275 0.001317
0.269441 0.001317
0.269607 0.001317
0.269774 0.001317
0.269940 0.001317
0.270106 0.001317
0.270272 0.001317
0.270439 0.001318
0.270605 0.001318
0.270771 0.001318
0.270938 0.001318
0.271104 0.001318
0.271270 0.001318
0.271436 0.001318
0.271603 0.001318
0.271769 0.001318
0.271935 0.001318
0.272102 0.001319
0.272268 0.001319
0.272434 0.001319
0.272600 0.001319
0.272767 0.001319
0.272933 0.001319
0.273099 0.001319
0.273266 0.001319
0.273432 0.001319
0.273598 0.001320
0.273764 0.001320
0.273931 0.001320
0.274097 0.001320
0.274263 0.001320
0.274430 0.001320
0.274596 0.001320
0.274762 0.001320
0.274928 0.001320
0.275095 0.001321
0.275261 0.001321
0.275427 0.001321
0.275593 0.001321
0.275760 0.001321
0.275926 0.001321
0.276092 0.001321
0.276259 0.001321
0.276425 0.001321
0.276591 0.001322
0.276757 0.001322
0.276924 0.001322
0.277090 0.001322
0.277256 0.001322
0.277423 0.001322
0.277589 0.001322
0.277755 0.001322
0.277921 0.001322
0.278088 0.001323
0.278254 0.001323
0.278420 0.001323
0.278587 0.001323
0.278753 0.001323
0.278919 0.001323
0.279085 0.001323
0.279252 0.001323
0.279418 0.001323
0.279584 0.001323
0.279751 0.001324
0.279917 0.001324
0.280083 0.001324
0.280249 0.001324
0.280416 0.001324
0.280582 0.001324
0.280748 0.001324
0.280915 0.001324
0.281081 0.001324
0.281247 0.001324
0.281413 0.001324
0.281580 0.001325
0.281746 0.001325
0.281912 0.001325
0.282079 0.001325
0.282245 0.001325
0.282411 0.001325
0.282577 0.001325
0.282744 0.001325
0.282910 0.001325
0.283076 0.001325
0.283243 0.001325
0.283409 0.001325
0.283575 0.001325
0.283741 0.001326
0.283908 0.001326
0.284074 0.001326
0.284240 0.001326
0.284407 0.001326
0.284573 0.001326
0.284739 0.001326
0.284905 0.001326
0.285072 0.001326
0.285238 0.001326
0.285404 0.001326
0.285571 0.001326
0.285737 0.001326
0.285903 0.001326
0.286069 0.001326
0.286236 0.001326
0.286402 0.001326
0.286568 0.001327
0.286735 0.001327
0.286901 0.001327
0.287067 0.001327
0.287233 0.001327
0.287400 0.001327
0.287566 0.001327
0.287732 0.001327
0.287899 0.001327
0.288065 0.001327
0.288231 0.001327
0.288397 0.001327
0.288564 0.001327
0.288730 0.001327
0.288896 0.001327
0.289063 0.001327
0.289229 0.001327
0.289395 0.001327
0.289561 0.001327
0.289728 0.001327
0.289894 0.001327
0.290060 0.001327
0.290227 0.001327
0.290393 0.001327
0.290559 0.001327
0.290725 0.001327
0.290892 0.001327
0.291058 0.001327
0.291224 0.001327
0.291391 0.001327
0.291557 0.001327
0.291723 0.001327
0.291889 0.001327
0.292056 0.001327
0.292222 0.001327
0.292388 0.001327
0.292555 0.001327
0.292721 0.001327
0.292887 0.001327
0.293053 0.001327
0.293220 0.001327
0.293386 0.001327
0.293552 0.001327
0.293719 0.001327
0.293885 0.001327
0.294051 0.001327
0.294217 0.001327
0.294384 0.001326
0.294550 0.001326
0.294716 0.001326
0.294883 0.001326
0.295049 0.001326
0.295215 0.001326
0.295381 0.001326
0.295548 0.001326
0.295714 0.001326
0.295880 0.001326
0.296047 0.001326
0.296213 0.001326
0.296379 0.001326
0.296545 0.001326
0.296712 0.001326
0.296878 0.001326
0.297044 0.001325
0.297211 0.001325
0.297377 0.001325
0.297543 0.001325
0.297709 0.001325
0.297876 0.001325
0.298042 0.001325
0.298208 0.001325
0.298375 0.001325
0.298541 0.001325
0.298707 0.001325
0.298873 0.001325
0.299040 0.001324
0.299206 0.001324
0.299372 0.001324
0.299539 0.001324
0.299705 0.001324
0.299871 0.001324
0.300037 0.001324
0.300204 0.001324
0.300370 0.001324
0.300536 0.001323
0.300703 0.001323
0.300869 0.001323
0.301035 0.001323
0.301201 0.001323
0.301368 0.001323
0.301534 0.001323
0.301700 0.001323
0.301866 0.001322
0.302033 0.001322
0.302199 0.001322
0.302365 0.001322
0.302532 0.001322
0.302698 0.001322
0.302864 0.001322
0.303030 0.001321
0.303197 0.001321
0.303363 0.001321
0.303529 0.001321
0.303696 0.001321
0.303862 0.001321
0.304028 0.001321
0.304194 0.001320
0.304361 0.001320
0.304527 0.001320
0.304693 0.001320
0.304860 0.001320
0.305026 0.001320
0.305192 0.001319
0.305358 0.001319
0.305525 0.001319
0.305691 0.001319
0.305857 0.001319
0.306024 0.001319
0.306190 0.001318
0.306356 0.001318
0.306522 0.001318
0.306689 0.001318
0.306855 0.001318
0.307021 0.001317
0.307188 0.001317
0.307354 0.001317
0.307520 0.001317
0.307686 0.001317
0.307853 0.001317
0.308019 0.001316
0.308185 0.001316
0.308352 0.001316
0.308518 0.001316
0.308684 0.001316
0.308850 0.001315
0.309017 0.001315
0.309183 0.001315
0.309349 0.001315
0.309516 0.001315
0.309682 0.001314
0.309848 0.001314
0.310014 0.001314
0.310181 0.001314
0.310347 0.001314
0.310513 0.001313
0.310680 0.001313
0.310846 0.001313
0.311012 0.001313
0.311178 0.001312
0.311345 0.001312
0.311511 0.001312
0.311677 0.001312
0.311844 0.001312
0.312010 0.001311
0.312176 0.001311
0.312342 0.001311
0.312509 0.001311
0.312675 0.001310
0.312841 0.001310
0.313008 0.001310
0.313174 0.001310
0.313340 0.001310
0.313506 0.001309
0.313673 0.001309
0.313839 0.001309
0.314005 0.001309
0.314172 0.001308
0.314338 0.001308
0.314504 0.001308
0.314670 0.001308
0.314837 0.001307
0.315003 0.001307
0.315169 0.001307
0.315336 0.001307
0.315502 0.001306
0.315668 0.001306
0.315834 0.001306
0.316001 0.001306
0.316167 0.001305
0.316333 0.001305
0.316500 0.001305
0.316666 0.001305
0.316832 0.001304
0.316998 0.001304
0.317165 0.001304
0.317331 0.001304
0.317497 0.001303
0.317664 0.001303
0.317830 0.001303
0.317996 0.001303
0.318162 0.001302
0.318329 0.001302
0.318495 0.001302
0.318661 0.001302
0.318828 0.001301
0.318994 0.001301
0.319160 0.001301
0.319326 0.001301
0.319493 0.001300
0.319659 0.001300
0.319825 0.001300
0.319992 0.001299
0.320158 0.001299
0.320324 0.001299
0.320490 0.001299
0.320657 0.001298
0.320823 0.001298
0.320989 0.001298
0.321156 0.001298
0.321322 0.001297
0.321488 0.001297
0.321654 0.001297
0.321821 0.001297
0.321987 0.001296
0.322153 0.001296
0.322320 0.001296
0.322486 0.001295
0.322652 0.001295
0.322818 0.001295
0.322985 0.001295
0.323151 0.001294
0.323317 0.001294
0.323484 0.001294
0.323650 0.001293
0.323816 0.001293
0.323982 0.001293
0.324149 0.001293
0.324315 0.001292
0.324481 0.001292
0.324648 0.001292
0.324814 0.001291
0.324980 0.001291
0.325146 0.001291
0.325313 0.001291
0.325479 0.001290
0.325645 0.001290
0.325812 0.001290
0.325978 0.001289
0.326144 0.001289
0.326310 0.001289
0.326477 0.001289
0.326643 0.001288
0.326809 0.001288
0.326976 0.001288
0.327142 0.001287
0.327308 0.001287
0.327474 0.001287
0.327641 0.001287
0.327807 0.001286
0.327973 0.001286
0.328139 0.001286
0.328306 0.001285
0.328472 0.001285
0.328638 0.001285
0.328805 0.001285
0.328971 0.001284
0.329137 0.001284
0.329303 0.001284
0.329470 0.001283
0.329636 0.001283
0.329802 0.001283
0.329969 0.001283
0.330135 0.001282
0.330301 0.001282
0.330467 0.001282
0.330634 0.001281
0.330800 0.001281
0.330966 0.001281
0.331133 0.001280
0.331299 0.001280
0.331465 0.001280
0.331631 0.001280
0.331798 0.001279
0.331964 0.001279
0.332130 0.001279
0.332297 0.001278
0.332463 0.001278
0.332629 0.001278
0.332795 0.001278
0.332962 0.001277
0.333128 0.001277
0.333294 0.001277
0.333461 0.001276
0.333627 0.001276
0.333793 0.001276
0.333959 0.001275
0.334126 0.001275
0.334292 0.001275
0.334458 0.001275
0.334625 0.001274
0.334791 0.001274
0.334957 0.001274
0.335123 0.001273
0.335290 0.001273
0.335456 0.001273
0.335622 0.001273
0.335789 0.001272
0.335955 0.001272
0.336121 0.001272
0.336287 0.001271
0.336454 0.001271
0.336620 0.001271
0.336786 0.001270
0.336953 0.001270
0.337119 0.001270
0.337285 0.001270
0.337451 0.001269
0.337618 0.001269
0.337784 0.001269
0.337950 0.001268
0.338117 0.001268
0.338283 0.001268
0.338449 0.001268
0.338615 0.001267
0.338782 0.001267
0.338948 0.001267
