# q I_dat dI_dat
0.006808 0.038294 0.001009
0.007005 0.037517 0.000699
0.007268 0.037985 0.000662
0.007531 0.037246 0.000623
0.007794 0.037347 0.000599
0.008057 0.038151 0.000573
0.008320 0.038396 0.000558
0.008583 0.037666 0.000532
0.008846 0.037521 0.000516
0.009109 0.038239 0.000500
0.009372 0.037808 0.000484
0.009635 0.038467 0.000469
0.009898 0.037655 0.000455
0.010161 0.037061 0.000440
0.010424 0.037177 0.000434
0.010687 0.037133 0.000419
0.010949 0.036924 0.000411
0.011212 0.036370 0.000397
0.011475 0.036579 0.000386
0.011738 0.036181 0.000373
0.012001 0.035823 0.000361
0.012264 0.036210 0.000346
0.012527 0.036137 0.000336
0.012790 0.036213 0.000325
0.013053 0.035966 0.000319
0.013316 0.035450 0.000311
0.013579 0.035033 0.000305
0.013842 0.034775 0.000300
0.014105 0.034685 0.000294
0.014368 0.034550 0.000293
0.014631 0.034498 0.000286
0.014894 0.034066 0.000283
0.015157 0.033582 0.000279
0.015420 0.033651 0.000275
0.015683 0.033546 0.000274
0.015946 0.033416 0.000269
0.016275 0.033462 0.000216
0.016669 0.033139 0.000212
0.017064 0.032438 0.000209
0.017458 0.032279 0.000206
0.017853 0.031993 0.000203
0.018247 0.031692 0.000200
0.018642 0.031234 0.000196
0.019036 0.031057 0.000194
0.019431 0.030758 0.000191
0.019825 0.030380 0.000188
0.020219 0.030171 0.000187
0.020614 0.029824 0.000183
0.021008 0.029423 0.000181
0.021403 0.028968 0.000179
0.021797 0.028664 0.000176
0.022192 0.028657 0.000175
0.022586 0.028042 0.000172
0.022981 0.027670 0.000170
0.023375 0.027431 0.000168
0.023770 0.026946 0.000166
0.024230 0.026876 0.000142
0.024756 0.026473 0.000140
0.025282 0.026005 0.000138
0.025808 0.025750 0.000136
0.026334 0.025191 0.000135
0.026860 0.024914 0.000133
0.027386 0.024391 0.000131
0.027912 0.023886 0.000129
0.028438 0.023618 0.000128
0.028964 0.023200 0.000126
0.029489 0.022909 0.000125
0.030015 0.022384 0.000123
0.030541 0.022126 0.000122
0.031067 0.021763 0.000120
0.031593 0.021474 0.000120
0.032185 0.021050 0.000105
0.032842 0.020561 0.000104
0.033500 0.020154 0.000104
0.034157 0.019738 0.000105
0.034815 0.019320 0.000105
0.035472 0.018846 0.000106
0.036130 0.018528 0.000108
0.036787 0.018037 0.000108
0.037444 0.017485 0.000109
0.038102 0.017061 0.000109
0.038759 0.016863 0.000106
0.039483 0.016448 0.000095
0.040271 0.015894 0.000094
0.041060 0.015490 0.000093
0.041849 0.015035 0.000092
0.042638 0.014809 0.000091
0.043427 0.014337 0.000090
0.044216 0.013714 0.000090
0.045005 0.013455 0.000089
0.045794 0.013071 0.000088
0.046649 0.012542 0.000083
0.047569 0.012180 0.000085
0.048490 0.011850 0.000085
0.049410 0.011323 0.000086
0.050330 0.010942 0.000086
0.051251 0.010660 0.000086
0.052171 0.010250 0.000087
0.053092 0.009772 0.000087
0.054078 0.009355 0.000081
0.055130 0.009155 0.000081
0.056182 0.008727 0.000081
0.057234 0.008251 0.000081
0.058286 0.007841 0.000081
0.059337 0.007626 0.000079
0.060389 0.007225 0.000079
0.061507 0.006965 0.000074
0.062690 0.006583 0.000073
0.063874 0.006232 0.000073
0.065057 0.005893 0.000072
0.066240 0.005708 0.000072
0.067490 0.005382 0.000068
0.068805 0.005061 0.000067
0.070119 0.004844 0.000067
0.071434 0.004591 0.000066
0.072749 0.004264 0.000066
0.074064 0.003985 0.000065
0.075445 0.003852 0.000062
0.076891 0.003679 0.000062
0.078337 0.003442 0.000061
0.079784 0.003319 0.000061
0.081230 0.003151 0.000060
0.082742 0.002989 0.000057
0.084320 0.002733 0.000057
0.085898 0.002629 0.000057
0.087476 0.002429 0.000056
0.089120 0.002521 0.000054
0.090829 0.002373 0.000054
0.092538 0.002315 0.000056
0.094248 0.002193 0.000054
0.096023 0.002024 0.000051
0.097864 0.002027 0.000051
0.099704 0.002104 0.000050
0.101545 0.002029 0.000050
0.103452 0.002006 0.000048
0.105424 0.001961 0.000047
0.107396 0.001965 0.000049
0.109435 0.001932 0.000050
0.111538 0.001907 0.000051
0.113642 0.001902 0.000048
0.115746 0.001836 0.000047
0.117916 0.001873 0.000045
0.120151 0.001810 0.000044
0.122386 0.001770 0.000043
0.124687 0.001804 0.000041
0.127054 0.001826 0.000041
0.129487 0.001838 0.000040
0.131985 0.001823 0.000039
0.134483 0.001775 0.000039
0.137047 0.001885 0.000038
0.139677 0.001815 0.000037
0.142307 0.001796 0.000037
0.145002 0.001809 0.000036
0.147764 0.001801 0.000036
0.150591 0.001796 0.000035
0.153483 0.001817 0.000034
0.156376 0.001747 0.000034
0.159335 0.001755 0.000033
0.162359 0.001638 0.000033
0.165449 0.001664 0.000032
0.168604 0.001683 0.000032
0.171826 0.001622 0.000031
0.175113 0.001604 0.000030
0.178466 0.001528 0.000030
0.181885 0.001436 0.000031
0.185369 0.001393 0.000032
0.188919 0.001312 0.000030
0.192535 0.001283 0.000028
0.196217 0.001264 0.000028
0.199965 0.001251 0.000027
0.203778 0.001152 0.000027
0.207657 0.001051 0.000026
0.211667 0.001061 0.000025
0.215743 0.000996 0.000025
0.219885 0.000951 0.000025
0.224093 0.000918 0.000024
0.228366 0.000869 0.000024
0.232771 0.000846 0.000025
0.237242 0.000797 0.000026
0.241778 0.000763 0.000026
0.246446 0.000758 0.000026
0.251245 0.000723 0.000026
0.256110 0.000692 0.000028
0.261041 0.000698 0.000031
0.266103 0.000654 0.000032
0.271231 0.000648 0.000034
0.276425 0.000651 0.000036
0.281751 0.000583 0.000037
0.287207 0.000621 0.000039
0.292796 0.000600 0.000041
0.298515 0.000533 0.000042
0.304301 0.000576 0.000046
0.310152 0.000590 0.000050
0.316135 0.000617 0.000055
0.322249 0.000600 0.000062
0.328495 0.000537 0.000075
0.334872 0.000563 0.000103
0.339080 0.000452 0.000274
