# q I_fit
# reduced chi-square = 10.88
0.007860 0.027371
0.008026 0.027334
0.008191 0.027296
0.008357 0.027258
0.008523 0.027219
0.008689 0.027179
0.008855 0.027139
0.009021 0.027098
0.009187 0.027056
0.009353 0.027013
0.009519 0.026970
0.009685 0.026926
0.009851 0.026882
0.010017 0.026836
0.010183 0.026790
0.010349 0.026744
0.010515 0.026696
0.010681 0.026648
0.010847 0.026600
0.011013 0.026550
0.011179 0.026500
0.011345 0.026450
0.011511 0.026398
0.011677 0.026346
0.011842 0.026294
0.012008 0.026240
0.012174 0.026186
0.012340 0.026132
0.012506 0.026077
0.012672 0.026021
0.012838 0.025965
0.013004 0.025908
0.013170 0.025850
0.013336 0.025792
0.013502 0.025733
0.013668 0.025673
0.013834 0.025613
0.014000 0.025553
0.014166 0.025492
0.014332 0.025430
0.014498 0.025367
0.014664 0.025304
0.014830 0.025241
0.014996 0.025177
0.015162 0.025112
0.015328 0.025047
0.015494 0.024981
0.015659 0.024915
0.015825 0.024848
0.015991 0.024781
0.016157 0.024713
0.016323 0.024645
0.016489 0.024576
0.016655 0.024506
0.016821 0.024437
0.016987 0.024366
0.017153 0.024295
0.017319 0.024224
0.017485 0.024152
0.017651 0.024080
0.017817 0.024007
0.017983 0.023933
0.018149 0.023860
0.018315 0.023785
0.018481 0.023711
0.018647 0.023636
0.018813 0.023560
0.018979 0.023484
0.019145 0.023408
0.019311 0.023331
0.019476 0.023253
0.019642 0.023176
0.019808 0.023098
0.019974 0.023019
0.020140 0.022940
0.020306 0.022861
0.020472 0.022781
0.020638 0.022701
0.020804 0.022621
0.020970 0.022540
0.021136 0.022459
0.021302 0.022377
0.021468 0.022295
0.021634 0.022213
0.021800 0.022130
0.021966 0.022048
0.022132 0.021964
0.022298 0.021881
0.022464 0.021797
0.022630 0.021713
0.022796 0.021628
0.022962 0.021543
0.023128 0.021458
0.023293 0.021373
0.023459 0.021287
0.023625 0.021201
0.023791 0.021115
0.023957 0.021029
0.024123 0.020942
0.024289 0.020855
0.024455 0.020768
0.024621 0.020680
0.024787 0.020593
0.024953 0.020505
0.025119 0.020416
0.025285 0.020328
0.025451 0.020239
0.025617 0.020151
0.025783 0.020062
0.025949 0.019973
0.026115 0.019883
0.026281 0.019794
0.026447 0.019704
0.026613 0.019614
0.026779 0.019524
0.026945 0.019434
0.027110 0.019343
0.027276 0.019253
0.027442 0.019162
0.027608 0.019071
0.027774 0.018981
0.027940 0.018889
0.028106 0.018798
0.028272 0.018707
0.028438 0.018616
0.028604 0.018524
0.028770 0.018433
0.028936 0.018341
0.029102 0.018249
0.029268 0.018157
0.029434 0.018066
0.029600 0.017974
0.029766 0.017882
0.029932 0.017790
0.030098 0.017697
0.030264 0.017605
0.030430 0.017513
0.030596 0.017421
0.030762 0.017329
0.030927 0.017236
0.031093 0.017144
0.031259 0.017052
0.031425 0.016960
0.031591 0.016867
0.031757 0.016775
0.031923 0.016683
0.032089 0.016591
0.032255 0.016498
0.032421 0.016406
0.032587 0.016314
0.032753 0.016222
0.032919 0.016130
0.033085 0.016038
0.033251 0.015946
0.033417 0.015854
0.033583 0.015762
0.033749 0.015670
0.033915 0.015579
0.034081 0.015487
0.034247 0.015395
0.034413 0.015304
0.034578 0.015213
0.034744 0.015121
0.034910 0.015030
0.035076 0.014939
0.035242 0.014848
0.035408 0.014758
0.035574 0.014667
0.035740 0.014577
0.035906 0.014486
0.036072 0.014396
0.036238 0.014306
0.036404 0.014216
0.036570 0.014126
0.036736 0.014036
0.036902 0.013947
0.037068 0.013858
0.037234 0.013769
0.037400 0.013680
0.037566 0.013591
0.037732 0.013502
0.037898 0.013414
0.038064 0.013326
0.038230 0.013238
0.038395 0.013150
0.038561 0.013062
0.038727 0.012975
0.038893 0.012888
0.039059 0.012801
0.039225 0.012714
0.039391 0.012628
0.039557 0.012541
0.039723 0.012455
0.039889 0.012370
0.040055 0.012284
0.040221 0.012199
0.040387 0.012114
0.040553 0.012029
0.040719 0.011944
0.040885 0.011860
0.041051 0.011776
0.041217 0.011692
0.041383 0.011609
0.041549 0.011526
0.041715 0.011443
0.041881 0.011360
0.042047 0.011278
0.042212 0.011196
0.042378 0.011114
0.042544 0.011033
0.042710 0.010952
0.042876 0.010871
0.043042 0.010790
0.043208 0.010710
0.043374 0.010630
0.043540 0.010550
0.043706 0.010471
0.043872 0.010392
0.044038 0.010313
0.044204 0.010235
0.044370 0.010157
0.044536 0.010079
0.044702 0.010002
0.044868 0.009925
0.045034 0.009848
0.045200 0.009772
0.045366 0.009696
0.045532 0.009621
0.045698 0.009545
0.045864 0.009470
0.046029 0.009396
0.046195 0.009322
0.046361 0.009248
0.046527 0.009174
0.046693 0.009101
0.046859 0.009028
0.047025 0.008956
0.047191 0.008884
0.047357 0.008812
0.047523 0.008741
0.047689 0.008670
0.047855 0.008599
0.048021 0.008529
0.048187 0.008459
0.048353 0.008390
0.048519 0.008321
0.048685 0.008252
0.048851 0.008184
0.049017 0.008116
0.049183 0.008049
0.049349 0.007982
0.049515 0.007915
0.049681 0.007849
0.049846 0.007783
0.050012 0.007717
0.050178 0.007652
0.050344 0.007587
0.050510 0.007523
0.050676 0.007459
0.050842 0.007395
0.051008 0.007332
0.051174 0.007270
0.051340 0.007207
0.051506 0.007145
0.051672 0.007084
0.051838 0.007023
0.052004 0.006962
0.052170 0.006902
0.052336 0.006842
0.052502 0.006782
0.052668 0.006723
0.052834 0.006665
0.053000 0.006606
0.053166 0.006548
0.053332 0.006491
0.053498 0.006434
0.053663 0.006377
0.053829 0.006321
0.053995 0.006265
0.054161 0.006210
0.054327 0.006155
0.054493 0.006100
0.054659 0.006046
0.054825 0.005992
0.054991 0.005939
0.055157 0.005886
0.055323 0.005834
0.055489 0.005782
0.055655 0.005730
0.055821 0.005679
0.055987 0.005628
0.056153 0.005577
0.056319 0.005527
0.056485 0.005478
0.056651 0.005428
0.056817 0.005379
0.056983 0.005331
0.057149 0.005283
0.057314 0.005235
0.057480 0.005188
0.057646 0.005141
0.057812 0.005095
0.057978 0.005049
0.058144 0.005003
0.058310 0.004958
0.058476 0.004913
0.058642 0.004869
0.058808 0.004825
0.058974 0.004782
0.059140 0.004738
0.059306 0.004696
0.059472 0.004653
0.059638 0.004611
0.059804 0.004570
0.059970 0.004528
0.060136 0.004488
0.060302 0.004447
0.060468 0.004407
0.060634 0.004368
0.060800 0.004328
0.060966 0.004289
0.061131 0.004251
0.061297 0.004213
0.061463 0.004175
0.061629 0.004138
0.061795 0.004101
0.061961 0.004064
0.062127 0.004028
0.062293 0.003992
0.062459 0.003957
0.062625 0.003922
0.062791 0.003887
0.062957 0.003853
0.063123 0.003819
0.063289 0.003785
0.063455 0.003752
0.063621 0.003719
0.063787 0.003687
0.063953 0.003655
0.064119 0.003623
0.064285 0.003592
0.064451 0.003560
0.064617 0.003530
0.064783 0.003499
0.064948 0.003469
0.065114 0.003440
0.065280 0.003410
0.065446 0.003382
0.065612 0.003353
0.065778 0.003325
0.065944 0.003297
0.066110 0.003269
0.066276 0.003242
0.066442 0.003215
0.066608 0.003188
0.066774 0.003162
0.066940 0.003136
0.067106 0.003111
0.067272 0.003085
0.067438 0.003060
0.067604 0.003036
0.067770 0.003011
0.067936 0.002987
0.068102 0.002964
0.068268 0.002940
0.068434 0.002917
0.068600 0.002894
0.068765 0.002872
0.068931 0.002850
0.069097 0.002828
0.069263 0.002806
0.069429 0.002785
0.069595 0.002764
0.069761 0.002743
0.069927 0.002723
0.070093 0.002703
0.070259 0.002683
0.070425 0.002664
0.070591 0.002644
0.070757 0.002626
0.070923 0.002607
0.071089 0.002588
0.071255 0.002570
0.071421 0.002552
0.071587 0.002535
0.071753 0.002518
0.071919 0.002500
0.072085 0.002484
0.072251 0.002467
0.072417 0.002451
0.072582 0.002435
0.072748 0.002419
0.072914 0.002404
0.073080 0.002388
0.073246 0.002373
0.073412 0.002359
0.073578 0.002344
0.073744 0.002330
0.073910 0.002316
0.074076 0.002302
0.074242 0.002288
0.074408 0.002275
0.074574 0.002262
0.074740 0.002249
0.074906 0.002236
0.075072 0.002224
0.075238 0.002212
0.075404 0.002200
0.075570 0.002188
0.075736 0.002176
0.075902 0.002165
0.076068 0.002154
0.076234 0.002143
0.076399 0.002132
0.076565 0.002121
0.076731 0.002111
0.076897 0.002101
0.077063 0.002091
0.077229 0.002081
0.077395 0.002072
0.077561 0.002062
0.077727 0.002053
0.077893 0.002044
0.078059 0.002035
0.078225 0.002027
0.078391 0.002018
0.078557 0.002010
0.078723 0.002002
0.078889 0.001994
0.079055 0.001986
0.079221 0.001978
0.079387 0.001971
0.079553 0.001964
0.079719 0.001956
0.079885 0.001950
0.080050 0.001943
0.080216 0.001936
0.080382 0.001930
0.080548 0.001923
0.080714 0.001917
0.080880 0.001911
0.081046 0.001905
0.081212 0.001899
0.081378 0.001894
0.081544 0.001888
0.081710 0.001883
0.081876 0.001878
0.082042 0.001873
0.082208 0.001868
0.082374 0.001863
0.082540 0.001858
0.082706 0.001854
0.082872 0.001849
0.083038 0.001845
0.083204 0.001841
0.083370 0.001837
0.083536 0.001833
0.083702 0.001829
0.083867 0.001825
0.084033 0.001822
0.084199 0.001818
0.084365 0.001815
0.084531 0.001812
0.084697 0.001809
0.084863 0.001805
0.085029 0.001802
0.085195 0.001800
0.085361 0.001797
0.085527 0.001794
0.085693 0.001792
0.085859 0.001789
0.086025 0.001787
0.086191 0.001784
0.086357 0.001782
0.086523 0.001780
0.086689 0.001778
0.086855 0.001776
0.087021 0.001774
0.087187 0.001773
0.087353 0.001771
0.087519 0.001769
0.087684 0.001768
0.087850 0.001766
0.088016 0.001765
0.088182 0.001763
0.088348 0.001762
0.088514 0.001761
0.088680 0.001760
0.088846 0.001759
0.089012 0.001758
0.089178 0.001757
0.089344 0.001756
0.089510 0.001755
0.089676 0.001755
0.089842 0.001754
0.090008 0.001753
0.090174 0.001753
0.090340 0.001752
0.090506 0.001752
0.090672 0.001751
0.090838 0.001751
0.091004 0.001751
0.091170 0.001750
0.091336 0.001750
0.091501 0.001750
0.091667 0.001750
0.091833 0.001750
0.091999 0.001750
0.092165 0.001750
0.092331 0.001750
0.092497 0.001750
0.092663 0.001750
0.092829 0.001750
0.092995 0.001751
0.093161 0.001751
0.093327 0.001751
0.093493 0.001752
0.093659 0.001752
0.093825 0.001752
0.093991 0.001753
0.094157 0.001753
0.094323 0.001754
0.094489 0.001754
0.094655 0.001755
0.094821 0.001755
0.094987 0.001756
0.095153 0.001757
0.095318 0.001757
0.095484 0.001758
0.095650 0.001759
0.095816 0.001760
0.095982 0.001760
0.096148 0.001761
0.096314 0.001762
0.096480 0.001763
0.096646 0.001764
0.096812 0.001765
0.096978 0.001765
0.097144 0.001766
0.097310 0.001767
0.097476 0.001768
0.097642 0.001769
0.097808 0.001770
0.097974 0.001771
0.098140 0.001772
0.098306 0.001773
0.098472 0.001774
0.098638 0.001775
0.098804 0.001776
0.098970 0.001777
0.099135 0.001779
0.099301 0.001780
0.099467 0.001781
0.099633 0.001782
0.099799 0.001783
0.099965 0.001784
0.100131 0.001785
0.100297 0.001787
0.100463 0.001788
0.100629 0.001789
0.100795 0.001790
0.100961 0.001791
0.101127 0.001792
0.101293 0.001794
0.101459 0.001795
0.101625 0.001796
0.101791 0.001797
0.101957 0.001799
0.102123 0.001800
0.102289 0.001801
0.102455 0.001802
0.102621 0.001804
0.102786 0.001805
0.102952 0.001806
0.103118 0.001807
0.103284 0.001809
0.103450 0.001810
0.103616 0.001811
0.103782 0.001813
0.103948 0.001814
0.104114 0.001815
0.104280 0.001816
0.104446 0.001818
0.104612 0.001819
0.104778 0.001820
0.104944 0.001822
0.105110 0.001823
0.105276 0.001824
0.105442 0.001826
0.105608 0.001827
0.105774 0.001828
0.105940 0.001830
0.106106 0.001831
0.106272 0.001832
0.106438 0.001834
0.106603 0.001835
0.106769 0.001836
0.106935 0.001838
0.107101 0.001839
0.107267 0.001840
0.107433 0.001841
0.107599 0.001843
0.107765 0.001844
0.107931 0.001845
0.108097 0.001847
0.108263 0.001848
0.108429 0.001849
0.108595 0.001851
0.108761 0.001852
0.108927 0.001853
0.109093 0.001855
0.109259 0.001856
0.109425 0.001857
0.109591 0.001859
0.109757 0.001860
0.109923 0.001861
0.110089 0.001863
0.110255 0.001864
0.110420 0.001865
0.110586 0.001867
0.110752 0.001868
0.110918 0.001870
0.111084 0.001871
0.111250 0.001872
0.111416 0.001874
0.111582 0.001875
0.111748 0.001876
0.111914 0.001878
0.112080 0.001879
0.112246 0.001880
0.112412 0.001882
0.112578 0.001883
0.112744 0.001884
0.112910 0.001886
0.113076 0.001887
0.113242 0.001888
0.113408 0.001890
0.113574 0.001891
0.113740 0.001892
0.113906 0.001894
0.114072 0.001895
0.114237 0.001897
0.114403 0.001898
0.114569 0.001899
0.114735 0.001901
0.114901 0.001902
0.115067 0.001903
0.115233 0.001905
0.115399 0.001906
0.115565 0.001908
0.115731 0.001909
0.115897 0.001910
0.116063 0.001912
0.116229 0.001913
0.116395 0.001914
0.116561 0.001916
0.116727 0.001917
0.116893 0.001919
0.117059 0.001920
0.117225 0.001921
0.117391 0.001923
0.117557 0.001924
0.117723 0.001926
0.117889 0.001927
0.118054 0.001928
0.118220 0.001930
0.118386 0.001931
0.118552 0.001933
0.118718 0.001934
0.118884 0.001936
0.119050 0.001937
0.119216 0.001938
0.119382 0.001940
0.119548 0.001941
0.119714 0.001943
0.119880 0.001944
0.120046 0.001946
0.120212 0.001947
0.120378 0.001949
0.120544 0.001950
0.120710 0.001952
0.120876 0.001953
0.121042 0.001954
0.121208 0.001956
0.121374 0.001957
0.121540 0.001959
0.121706 0.001960
0.121871 0.001962
0.122037 0.001963
0.122203 0.001965
0.122369 0.001966
0.122535 0.001968
0.122701 0.001969
0.122867 0.001971
0.123033 0.001972
0.123199 0.001974
0.123365 0.001975
0.123531 0.001977
0.123697 0.001978
0.123863 0.001980
0.124029 0.001981
0.124195 0.001983
0.124361 0.001985
0.124527 0.001986
0.124693 0.001988
0.124859 0.001989
0.125025 0.001991
0.125191 0.001992
0.125357 0.001994
0.125522 0.001995
0.125688 0.001997
0.125854 0.001998
0.126020 0.002000
0.126186 0.002001
0.126352 0.002003
0.126518 0.002004
0.126684 0.002006
0.126850 0.002008
0.127016 0.002009
0.127182 0.002011
0.127348 0.002012
0.127514 0.002014
0.127680 0.002015
0.127846 0.002017
0.128012 0.002018
0.128178 0.002020
0.128344 0.002022
0.128510 0.002023
0.128676 0.002025
0.128842 0.002026
0.129008 0.002028
0.129174 0.002029
0.129339 0.002031
0.129505 0.002032
0.129671 0.002034
0.129837 0.002035
0.130003 0.002037
0.130169 0.002039
0.130335 0.002040
0.130501 0.002042
0.130667 0.002043
0.130833 0.002045
0.130999 0.002046
0.131165 0.002048
0.131331 0.002049
0.131497 0.002051
0.131663 0.002052
0.131829 0.002054
0.131995 0.002055
0.132161 0.002057
0.132327 0.002058
0.132493 0.002060
0.132659 0.002061
0.132825 0.002063
0.132991 0.002064
0.133156 0.002066
0.133322 0.002067
0.133488 0.002068
0.133654 0.002070
0.133820 0.002071
0.133986 0.002073
0.134152 0.002074
0.134318 0.002076
0.134484 0.002077
0.134650 0.002078
0.134816 0.002080
0.134982 0.002081
0.135148 0.002083
0.135314 0.002084
0.135480 0.002085
0.135646 0.002087
0.135812 0.002088
0.135978 0.002089
0.136144 0.002091
0.136310 0.002092
0.136476 0.002093
0.136642 0.002095
0.136808 0.002096
0.136973 0.002097
0.137139 0.002098
0.137305 0.002100
0.137471 0.002101
0.137637 0.002102
0.137803 0.002103
0.137969 0.002104
0.138135 0.002106
0.138301 0.002107
0.138467 0.002108
0.138633 0.002109
0.138799 0.002110
0.138965 0.002111
0.139131 0.002112
0.139297 0.002113
0.139463 0.002114
0.139629 0.002116
0.139795 0.002117
0.139961 0.002118
0.140127 0.002119
0.140293 0.002120
0.140459 0.002120
0.140625 0.002121
0.140790 0.002122
0.140956 0.002123
0.141122 0.002124
0.141288 0.002125
0.141454 0.002126
0.141620 0.002127
0.141786 0.002127
0.141952 0.002128
0.142118 0.002129
0.142284 0.002130
0.142450 0.002131
0.142616 0.002131
0.142782 0.002132
0.142948 0.002133
0.143114 0.002133
0.143280 0.002134
0.143446 0.002135
0.143612 0.002135
0.143778 0.002136
0.143944 0.002136
0.144110 0.002137
0.144276 0.002137
0.144442 0.002138
0.144607 0.002138
0.144773 0.002139
0.144939 0.002139
0.145105 0.002139
0.145271 0.002140
0.145437 0.002140
0.145603 0.002140
0.145769 0.002141
0.145935 0.002141
0.146101 0.002141
0.146267 0.002141
0.146433 0.002141
0.146599 0.002142
0.146765 0.002142
0.146931 0.002142
0.147097 0.002142
0.147263 0.002142
0.147429 0.002142
0.147595 0.002142
0.147761 0.002142
0.147927 0.002142
0.148093 0.002142
0.148258 0.002141
0.148424 0.002141
0.148590 0.002141
0.148756 0.002141
0.148922 0.002141
0.149088 0.002140
0.149254 0.002140
0.149420 0.002140
0.149586 0.002139
0.149752 0.002139
0.149918 0.002139
0.150084 0.002138
0.150250 0.002138
0.150416 0.002137
0.150582 0.002137
0.150748 0.002136
0.150914 0.002135
0.151080 0.002135
0.151246 0.002134
0.151412 0.002133
0.151578 0.002133
0.151744 0.002132
0.151910 0.002131
0.152075 0.002130
0.152241 0.002129
0.152407 0.002129
0.152573 0.002128
0.152739 0.002127
0.152905 0.002126
0.153071 0.002125
0.153237 0.002124
0.153403 0.002122
0.153569 0.002121
0.153735 0.002120
0.153901 0.002119
0.154067 0.002118
0.154233 0.002117
0.154399 0.002115
0.154565 0.002114
0.154731 0.002113
0.154897 0.002111
0.155063 0.002110
0.155229 0.002108
0.155395 0.002107
0.155561 0.002105
0.155727 0.002104
0.155892 0.002102
0.156058 0.002101
0.156224 0.002099
0.156390 0.002097
0.156556 0.002096
0.156722 0.002094
0.156888 0.002092
0.157054 0.002090
0.157220 0.002088
0.157386 0.002086
0.157552 0.002085
0.157718 0.002083
0.157884 0.002081
0.158050 0.002079
0.158216 0.002077
0.158382 0.002074
0.158548 0.002072
0.158714 0.002070
0.158880 0.002068
0.159046 0.002066
0.159212 0.002064
0.159378 0.002061
0.159544 0.002059
0.159709 0.002057
0.159875 0.002054
0.160041 0.002052
0.160207 0.002049
0.160373 0.002047
0.160539 0.002044
0.160705 0.002042
0.160871 0.002039
0.161037 0.002037
0.161203 0.002034
0.161369 0.002031
0.161535 0.002029
0.161701 0.002026
0.161867 0.002023
0.162033 0.002020
0.162199 0.002017
0.162365 0.002015
0.162531 0.002012
0.162697 0.002009
0.162863 0.002006
0.163029 0.002003
0.163195 0.002000
0.163361 0.001997
0.163526 0.001994
0.163692 0.001991
0.163858 0.001987
0.164024 0.001984
0.164190 0.001981
0.164356 0.001978
0.164522 0.001975
0.164688 0.001971
0.164854 0.001968
0.165020 0.001965
0.165186 0.001961
0.165352 0.001958
0.165518 0.001954
0.165684 0.001951
0.165850 0.001947
0.166016 0.001944
0.166182 0.001940
0.166348 0.001937
0.166514 0.001933
0.166680 0.001930
0.166846 0.001926
0.167012 0.001922
0.167177 0.001918
0.167343 0.001915
0.167509 0.001911
0.167675 0.001907
0.167841 0.001903
0.168007 0.001900
0.168173 0.001896
0.168339 0.001892
0.168505 0.001888
0.168671 0.001884
0.168837 0.001880
0.169003 0.001876
0.169169 0.001872
0.169335 0.001868
0.169501 0.001864
0.169667 0.001860
0.169833 0.001856
0.169999 0.001852
0.170165 0.001848
0.170331 0.001843
0.170497 0.001839
0.170663 0.001835
0.170829 0.001831
0.170994 0.001827
0.171160 0.001822
0.171326 0.001818
0.171492 0.001814
0.171658 0.001809
0.171824 0.001805
0.171990 0.001801
0.172156 0.001796
0.172322 0.001792
0.172488 0.001787
0.172654 0.001783
0.172820 0.001779
0.172986 0.001774
0.173152 0.001770
0.173318 0.001765
0.173484 0.001761
0.173650 0.001756
0.173816 0.001752
0.173982 0.001747
0.174148 0.001742
0.174314 0.001738
0.174480 0.001733
0.174646 0.001729
0.174811 0.001724
0.174977 0.001719
0.175143 0.001715
0.175309 0.001710
0.175475 0.001705
0.175641 0.001701
0.175807 0.001696
0.175973 0.001691
0.176139 0.001686
0.176305 0.001682
0.176471 0.001677
0.176637 0.001672
0.176803 0.001667
0.176969 0.001663
0.177135 0.001658
0.177301 0.001653
0.177467 0.001648
0.177633 0.001643
0.177799 0.001638
0.177965 0.001634
0.178131 0.001629
0.178297 0.001624
0.178463 0.001619
0.178628 0.001614
0.178794 0.001609
0.178960 0.001604
0.179126 0.001600
0.179292 0.001595
0.179458 0.001590
0.179624 0.001585
0.179790 0.001580
0.179956 0.001575
0.180122 0.001570
0.180288 0.001565
0.180454 0.001560
0.180620 0.001555
0.180786 0.001550
0.180952 0.001545
0.181118 0.001540
0.181284 0.001536
0.181450 0.001531
0.181616 0.001526
0.181782 0.001521
0.181948 0.001516
0.182114 0.001511
0.182280 0.001506
0.182445 0.001501
0.182611 0.001496
0.182777 0.001491
0.182943 0.001486
0.183109 0.001481
0.183275 0.001476
0.183441 0.001471
0.183607 0.001466
0.183773 0.001461
0.183939 0.001456
0.184105 0.001452
0.184271 0.001447
0.184437 0.001442
0.184603 0.001437
0.184769 0.001432
0.184935 0.001427
0.185101 0.001422
0.185267 0.001417
0.185433 0.001412
0.185599 0.001407
0.185765 0.001402
0.185931 0.001398
0.186097 0.001393
0.186262 0.001388
0.186428 0.001383
0.186594 0.001378
0.186760 0.001373
0.186926 0.001368
0.187092 0.001364
0.187258 0.001359
0.187424 0.001354
0.187590 0.001349
0.187756 0.001344
0.187922 0.001339
0.188088 0.001335
0.188254 0.001330
0.188420 0.001325
0.188586 0.001320
0.188752 0.001316
0.188918 0.001311
0.189084 0.001306
0.189250 0.001301
0.189416 0.001297
0.189582 0.001292
0.189748 0.001287
0.189913 0.001283
0.190079 0.001278
0.190245 0.001273
0.190411 0.001269
0.190577 0.001264
0.190743 0.001259
0.190909 0.001255
0.191075 0.001250
0.191241 0.001246
0.191407 0.001241
0.191573 0.001237
0.191739 0.001232
0.191905 0.001227
0.192071 0.001223
0.192237 0.001218
0.192403 0.001214
0.192569 0.001210
0.192735 0.001205
0.192901 0.001201
0.193067 0.001196
0.193233 0.001192
0.193399 0.001187
0.193565 0.001183
0.193730 0.001179
0.193896 0.001174
0.194062 0.001170
0.194228 0.001166
0.194394 0.001161
0.194560 0.001157
0.194726 0.001153
0.194892 0.001148
0.195058 0.001144
0.195224 0.001140
0.195390 0.001136
0.195556 0.001132
0.195722 0.001127
0.195888 0.001123
0.196054 0.001119
0.196220 0.001115
0.196386 0.001111
0.196552 0.001107
0.196718 0.001103
0.196884 0.001099
0.197050 0.001095
0.197216 0.001091
0.197382 0.001087
0.197547 0.001083
0.197713 0.001079
0.197879 0.001075
0.198045 0.001071
0.198211 0.001067
0.198377 0.001063
0.198543 0.001059
0.198709 0.001055
0.198875 0.001051
0.199041 0.001048
0.199207 0.001044
0.199373 0.001040
0.199539 0.001036
0.199705 0.001032
0.199871 0.001029
0.200037 0.001025
0.200203 0.001021
0.200369 0.001018
0.200535 0.001014
0.200701 0.001010
0.200867 0.001007
0.201033 0.001003
0.201199 0.001000
0.201364 0.000996
0.201530 0.000993
0.201696 0.000989
0.201862 0.000986
0.202028 0.000982
0.202194 0.000979
0.202360 0.000975
0.202526 0.000972
0.202692 0.000968
0.202858 0.000965
0.203024 0.000962
0.203190 0.000958
0.203356 0.000955
0.203522 0.000952
0.203688 0.000948
0.203854 0.000945
0.204020 0.000942
0.204186 0.000939
0.204352 0.000936
0.204518 0.000932
0.204684 0.000929
0.204850 0.000926
0.205016 0.000923
0.205181 0.000920
0.205347 0.000917
0.205513 0.000914
0.205679 0.000911
0.205845 0.000908
0.206011 0.000905
0.206177 0.000902
0.206343 0.000899
0.206509 0.000896
0.206675 0.000893
0.206841 0.000890
0.207007 0.000887
0.207173 0.000884
0.207339 0.000881
0.207505 0.000879
0.207671 0.000876
0.207837 0.000873
0.208003 0.000870
0.208169 0.000867
0.208335 0.000865
0.208501 0.000862
0.208667 0.000859
0.208833 0.000857
0.208998 0.000854
0.209164 0.000851
0.209330 0.000849
0.209496 0.000846
0.209662 0.000844
0.209828 0.000841
0.209994 0.000839
0.210160 0.000836
0.210326 0.000834
0.210492 0.000831
0.210658 0.000829
0.210824 0.000826
0.210990 0.000824
0.211156 0.000822
0.211322 0.000819
0.211488 0.000817
0.211654 0.000814
0.211820 0.000812
0.211986 0.000810
0.212152 0.000808
0.212318 0.000805
0.212484 0.000803
0.212649 0.000801
0.212815 0.000799
0.212981 0.000796
0.213147 0.000794
0.213313 0.000792
0.213479 0.000790
0.213645 0.000788
0.213811 0.000786
0.213977 0.000784
0.214143 0.000782
0.214309 0.000780
0.214475 0.000778
0.214641 0.000776
0.214807 0.000774
0.214973 0.000772
0.215139 0.000770
0.215305 0.000768
0.215471 0.000766
0.215637 0.000764
0.215803 0.000762
0.215969 0.000760
0.216135 0.000758
0.216301 0.000757
0.216466 0.000755
0.216632 0.000753
0.216798 0.000751
0.216964 0.000749
0.217130 0.000748
0.217296 0.000746
0.217462 0.000744
0.217628 0.000743
0.217794 0.000741
0.217960 0.000739
0.218126 0.000738
0.218292 0.000736
0.218458 0.000734
0.218624 0.000733
0.218790 0.000731
0.218956 0.000730
0.219122 0.000728
0.219288 0.000727
0.219454 0.000725
0.219620 0.000724
0.219786 0.000722
0.219952 0.000721
0.220118 0.000719
0.220283 0.000718
0.220449 0.000716
0.220615 0.000715
0.220781 0.000714
0.220947 0.000712
0.221113 0.000711
0.221279 0.000710
0.221445 0.000708
0.221611 0.000707
0.221777 0.000706
0.221943 0.000704
0.222109 0.000703
0.222275 0.000702
0.222441 0.000701
0.222607 0.000699
0.222773 0.000698
0.222939 0.000697
0.223105 0.000696
0.223271 0.000695
0.223437 0.000694
0.223603 0.000692
0.223769 0.000691
0.223935 0.000690
0.224100 0.000689
0.224266 0.000688
0.224432 0.000687
0.224598 0.000686
0.224764 0.000685
0.224930 0.000684
0.225096 0.000683
0.225262 0.000682
0.225428 0.000681
0.225594 0.000680
0.225760 0.000679
0.225926 0.000678
0.226092 0.000677
0.226258 0.000676
0.226424 0.000675
0.226590 0.000675
0.226756 0.000674
0.226922 0.000673
0.227088 0.000672
0.227254 0.000671
0.227420 0.000670
0.227586 0.000670
0.227752 0.000669
0.227917 0.000668
0.228083 0.000667
0.228249 0.000667
0.228415 0.000666
0.228581 0.000665
0.228747 0.000664
0.228913 0.000664
0.229079 0.000663
0.229245 0.000662
0.229411 0.000662
0.229577 0.000661
0.229743 0.000660
0.229909 0.000660
0.230075 0.000659
0.230241 0.000659
0.230407 0.000658
0.230573 0.000657
0.230739 0.000657
0.230905 0.000656
0.231071 0.000656
0.231237 0.000655
0.231403 0.000655
0.231569 0.000654
0.231734 0.000654
0.231900 0.000653
0.232066 0.000653
0.232232 0.000652
0.232398 0.000652
0.232564 0.000651
0.232730 0.000651
0.232896 0.000651
0.233062 0.000650
0.233228 0.000650
0.233394 0.000649
0.233560 0.000649
0.233726 0.000649
0.233892 0.000648
0.234058 0.000648
0.234224 0.000648
0.234390 0.000647
0.234556 0.000647
0.234722 0.000647
0.234888 0.000646
0.235054 0.000646
0.235220 0.000646
0.235385 0.000646
0.235551 0.000645
0.235717 0.000645
0.235883 0.000645
0.236049 0.000645
0.236215 0.000645
0.236381 0.000644
0.236547 0.000644
0.236713 0.000644
0.236879 0.000644
0.237045 0.000644
0.237211 0.000644
0.237377 0.000643
0.237543 0.000643
0.237709 0.000643
0.237875 0.000643
0.238041 0.000643
0.238207 0.000643
0.238373 0.000643
0.238539 0.000643
0.238705 0.000643
0.238871 0.000643
0.239037 0.000643
0.239202 0.000643
0.239368 0.000643
0.239534 0.000643
0.239700 0.000643
0.239866 0.000643
0.240032 0.000643
0.240198 0.000643
0.240364 0.000643
0.240530 0.000643
0.240696 0.000643
0.240862 0.000643
0.241028 0.000643
0.241194 0.000643
0.241360 0.000643
0.241526 0.000643
0.241692 0.000643
0.241858 0.000644
0.242024 0.000644
0.242190 0.000644
0.242356 0.000644
0.242522 0.000644
0.242688 0.000644
0.242854 0.000645
0.243019 0.000645
0.243185 0.000645
0.243351 0.000645
0.243517 0.000645
0.243683 0.000645
0.243849 0.000646
0.244015 0.000646
0.244181 0.000646
0.244347 0.000646
0.244513 0.000647
0.244679 0.000647
0.244845 0.000647
0.245011 0.000647
0.245177 0.000648
0.245343 0.000648
0.245509 0.000648
0.245675 0.000649
0.245841 0.000649
0.246007 0.000649
0.246173 0.000650
0.246339 0.000650
0.246505 0.000650
0.246671 0.000651
0.246836 0.000651
0.247002 0.000651
0.247168 0.000652
0.247334 0.000652
0.247500 0.000652
0.247666 0.000653
0.247832 0.000653
0.247998 0.000654
0.248164 0.000654
0.248330 0.000654
0.248496 0.000655
0.248662 0.000655
0.248828 0.000656
0.248994 0.000656
0.249160 0.000657
0.249326 0.000657
0.249492 0.000658
0.249658 0.000658
0.249824 0.000658
0.249990 0.000659
0.250156 0.000659
0.250322 0.000660
0.250488 0.000660
0.250653 0.000661
0.250819 0.000661
0.250985 0.000662
0.251151 0.000662
0.251317 0.000663
0.251483 0.000663
0.251649 0.000664
0.251815 0.000665
0.251981 0.000665
0.252147 0.000666
0.252313 0.000666
0.252479 0.000667
0.252645 0.000667
0.252811 0.000668
0.252977 0.000668
0.253143 0.000669
0.253309 0.000670
0.253475 0.000670
0.253641 0.000671
0.253807 0.000671
0.253973 0.000672
0.254139 0.000672
0.254305 0.000673
0.254470 0.000674
0.254636 0.000674
0.254802 0.000675
0.254968 0.000676
0.255134 0.000676
0.255300 0.000677
0.255466 0.000677
0.255632 0.000678
0.255798 0.000679
0.255964 0.000679
0.256130 0.000680
0.256296 0.000681
0.256462 0.000681
0.256628 0.000682
0.256794 0.000683
0.256960 0.000683
0.257126 0.000684
0.257292 0.000684
0.257458 0.000685
0.257624 0.000686
0.257790 0.000686
0.257956 0.000687
0.258121 0.000688
0.258287 0.000688
0.258453 0.000689
0.258619 0.000690
0.258785 0.000691
0.258951 0.000691
0.259117 0.000692
0.259283 0.000693
0.259449 0.000693
0.259615 0.000694
0.259781 0.000695
0.259947 0.000695
0.260113 0.000696
0.260279 0.000697
0.260445 0.000697
0.260611 0.000698
0.260777 0.000699
0.260943 0.000699
0.261109 0.000700
0.261275 0.000701
0.261441 0.000701
0.261607 0.000702
0.261773 0.000703
0.261938 0.000704
0.262104 0.000704
0.262270 0.000705
0.262436 0.000706
0.262602 0.000706
0.262768 0.000707
0.262934 0.000708
0.263100 0.000708
0.263266 0.000709
0.263432 0.000710
0.263598 0.000711
0.263764 0.000711
0.263930 0.000712
0.264096 0.000713
0.264262 0.000713
0.264428 0.000714
0.264594 0.000715
0.264760 0.000715
0.264926 0.000716
0.265092 0.000717
0.265258 0.000717
0.265424 0.000718
0.265590 0.000719
0.265755 0.000719
0.265921 0.000720
0.266087 0.000721
0.266253 0.000721
0.266419 0.000722
0.266585 0.000723
0.266751 0.000723
0.266917 0.000724
0.267083 0.000725
0.267249 0.000725
0.267415 0.000726
0.267581 0.000727
0.267747 0.000727
0.267913 0.000728
0.268079 0.000729
0.268245 0.000729
0.268411 0.000730
0.268577 0.000730
0.268743 0.000731
0.268909 0.000732
0.269075 0.000732
0.269241 0.000733
0.269407 0.000734
0.269572 0.000734
0.269738 0.000735
0.269904 0.000735
0.270070 0.000736
0.270236 0.000737
0.270402 0.000737
0.270568 0.000738
0.270734 0.000738
0.270900 0.000739
0.271066 0.000739
0.271232 0.000740
0.271398 0.000741
0.271564 0.000741
0.271730 0.000742
0.271896 0.000742
0.272062 0.000743
0.272228 0.000743
0.272394 0.000744
0.272560 0.000744
0.272726 0.000745
0.272892 0.000745
0.273058 0.000746
0.273224 0.000746
0.273389 0.000747
0.273555 0.000747
0.273721 0.000748
0.273887 0.000748
0.274053 0.000749
0.274219 0.000749
0.274385 0.000750
0.274551 0.000750
0.274717 0.000751
0.274883 0.000751
0.275049 0.000752
0.275215 0.000752
0.275381 0.000752
0.275547 0.000753
0.275713 0.000753
0.275879 0.000754
0.276045 0.000754
0.276211 0.000754
0.276377 0.000755
0.276543 0.000755
0.276709 0.000756
0.276875 0.000756
0.277041 0.000756
0.277206 0.000757
0.277372 0.000757
0.277538 0.000757
0.277704 0.000758
0.277870 0.000758
0.278036 0.000758
0.278202 0.000759
0.278368 0.000759
0.278534 0.000759
0.278700 0.000759
0.278866 0.000760
0.279032 0.000760
0.279198 0.000760
0.279364 0.000760
0.279530 0.000761
0.279696 0.000761
0.279862 0.000761
0.280028 0.000761
0.280194 0.000762
0.280360 0.000762
0.280526 0.000762
0.280692 0.000762
0.280857 0.000762
0.281023 0.000763
0.281189 0.000763
0.281355 0.000763
0.281521 0.000763
0.281687 0.000763
0.281853 0.000763
0.282019 0.000763
0.282185 0.000764
0.282351 0.000764
0.282517 0.000764
0.282683 0.000764
0.282849 0.000764
0.283015 0.000764
0.283181 0.000764
0.283347 0.000764
0.283513 0.000764
0.283679 0.000764
0.283845 0.000764
0.284011 0.000764
0.284177 0.000764
0.284343 0.000764
0.284509 0.000764
0.284674 0.000764
0.284840 0.000764
0.285006 0.000764
0.285172 0.000764
0.285338 0.000764
0.285504 0.000764
0.285670 0.000764
0.285836 0.000764
0.286002 0.000764
0.286168 0.000764
0.286334 0.000764
0.286500 0.000764
0.286666 0.000764
0.286832 0.000763
0.286998 0.000763
0.287164 0.000763
0.287330 0.000763
0.287496 0.000763
0.287662 0.000763
0.287828 0.000763
0.287994 0.000762
0.288160 0.000762
0.288326 0.000762
0.288491 0.000762
0.288657 0.000761
0.288823 0.000761
0.288989 0.000761
0.289155 0.000761
0.289321 0.000761
0.289487 0.000760
0.289653 0.000760
0.289819 0.000760
0.289985 0.000759
0.290151 0.000759
0.290317 0.000759
0.290483 0.000758
0.290649 0.000758
0.290815 0.000758
0.290981 0.000757
0.291147 0.000757
0.291313 0.000757
0.291479 0.000756
0.291645 0.000756
0.291811 0.000756
0.291977 0.000755
0.292143 0.000755
0.292308 0.000754
0.292474 0.000754
0.292640 0.000754
0.292806 0.000753
0.292972 0.000753
0.293138 0.000752
0.293304 0.000752
0.293470 0.000751
0.293636 0.000751
0.293802 0.000750
0.293968 0.000750
0.294134 0.000749
0.294300 0.000749
0.294466 0.000748
0.294632 0.000748
0.294798 0.000747
0.294964 0.000747
0.295130 0.000746
0.295296 0.000746
0.295462 0.000745
0.295628 0.000744
0.295794 0.000744
0.295960 0.000743
0.296125 0.000743
0.296291 0.000742
0.296457 0.000741
0.296623 0.000741
0.296789 0.000740
0.296955 0.000740
0.297121 0.000739
0.297287 0.000738
0.297453 0.000738
0.297619 0.000737
0.297785 0.000736
0.297951 0.000736
0.298117 0.000735
0.298283 0.000734
0.298449 0.000734
0.298615 0.000733
0.298781 0.000732
0.298947 0.000731
0.299113 0.000731
0.299279 0.000730
0.299445 0.000729
0.299611 0.000728
0.299776 0.000728
0.299942 0.000727
0.300108 0.000726
0.300274 0.000725
0.300440 0.000725
0.300606 0.000724
0.300772 0.000723
0.300938 0.000722
0.301104 0.000721
0.301270 0.000721
0.301436 0.000720
0.301602 0.000719
0.301768 0.000718
0.301934 0.000717
0.302100 0.000716
0.302266 0.000716
0.302432 0.000715
0.302598 0.000714
0.302764 0.000713
0.302930 0.000712
0.303096 0.000711
0.303262 0.000710
0.303428 0.000709
0.303593 0.000709
0.303759 0.000708
0.303925 0.000707
0.304091 0.000706
0.304257 0.000705
0.304423 0.000704
0.304589 0.000703
0.304755 0.000702
0.304921 0.000701
0.305087 0.000700
0.305253 0.000699
0.305419 0.000698
0.305585 0.000697
0.305751 0.000696
0.305917 0.000695
0.306083 0.000695
0.306249 0.000694
0.306415 0.000693
0.306581 0.000692
0.306747 0.000691
0.306913 0.000690
0.307079 0.000689
0.307245 0.000688
0.307410 0.000687
0.307576 0.000686
0.307742 0.000685
0.307908 0.000684
0.308074 0.000683
0.308240 0.000682
0.308406 0.000681
0.308572 0.000680
0.308738 0.000679
0.308904 0.000678
0.309070 0.000676
0.309236 0.000675
0.309402 0.000674
0.309568 0.000673
0.309734 0.000672
0.309900 0.000671
0.310066 0.000670
0.310232 0.000669
0.310398 0.000668
0.310564 0.000667
0.310730 0.000666
0.310896 0.000665
0.311062 0.000664
0.311227 0.000663
0.311393 0.000662
0.311559 0.000661
0.311725 0.000660
0.311891 0.000658
0.312057 0.000657
0.312223 0.000656
0.312389 0.000655
0.312555 0.000654
0.312721 0.000653
0.312887 0.000652
0.313053 0.000651
0.313219 0.000650
0.313385 0.000649
0.313551 0.000648
0.313717 0.000647
0.313883 0.000645
0.314049 0.000644
0.314215 0.000643
0.314381 0.000642
0.314547 0.000641
0.314713 0.000640
0.314879 0.000639
0.315044 0.000638
0.315210 0.000637
0.315376 0.000636
0.315542 0.000634
0.315708 0.000633
0.315874 0.000632
0.316040 0.000631
0.316206 0.000630
0.316372 0.000629
0.316538 0.000628
0.316704 0.000627
0.316870 0.000626
0.317036 0.000624
0.317202 0.000623
0.317368 0.000622
0.317534 0.000621
0.317700 0.000620
0.317866 0.000619
0.318032 0.000618
0.318198 0.000617
0.318364 0.000616
0.318530 0.000615
0.318696 0.000613
0.318861 0.000612
0.319027 0.000611
0.319193 0.000610
0.319359 0.000609
0.319525 0.000608
0.319691 0.000607
0.319857 0.000606
0.320023 0.000605
0.320189 0.000603
0.320355 0.000602
0.320521 0.000601
0.320687 0.000600
0.320853 0.000599
0.321019 0.000598
0.321185 0.000597
0.321351 0.000596
0.321517 0.000595
0.321683 0.000594
0.321849 0.000593
0.322015 0.000591
0.322181 0.000590
0.322347 0.000589
0.322512 0.000588
0.322678 0.000587
0.322844 0.000586
0.323010 0.000585
0.323176 0.000584
0.323342 0.000583
0.323508 0.000582
0.323674 0.000581
0.323840 0.000580
0.324006 0.000579
0.324172 0.000577
0.324338 0.000576
0.324504 0.000575
0.324670 0.000574
0.324836 0.000573
0.325002 0.000572
0.325168 0.000571
0.325334 0.000570
0.325500 0.000569
0.325666 0.000568
0.325832 0.000567
0.325998 0.000566
0.326164 0.000565
0.326329 0.000564
0.326495 0.000563
0.326661 0.000562
0.326827 0.000561
0.326993 0.000560
0.327159 0.000559
0.327325 0.000558
0.327491 0.000557
0.327657 0.000556
0.327823 0.000555
0.327989 0.000554
0.328155 0.000553
0.328321 0.000552
0.328487 0.000551
0.328653 0.000550
0.328819 0.000549
0.328985 0.000548
0.329151 0.000547
0.329317 0.000546
0.329483 0.000545
0.329649 0.000544
0.329815 0.000543
0.329981 0.000542
0.330146 0.000541
0.330312 0.000540
0.330478 0.000539
0.330644 0.000538
0.330810 0.000537
0.330976 0.000536
0.331142 0.000535
0.331308 0.000534
0.331474 0.000533
0.331640 0.000532
0.331806 0.000532
0.331972 0.000531
0.332138 0.000530
0.332304 0.000529
0.332470 0.000528
0.332636 0.000527
0.332802 0.000526
0.332968 0.000525
0.333134 0.000524
0.333300 0.000523
0.333466 0.000522
0.333632 0.000522
0.333798 0.000521
0.333963 0.000520
0.334129 0.000519
0.334295 0.000518
0.334461 0.000517
0.334627 0.000516
0.334793 0.000515
0.334959 0.000515
0.335125 0.000514
0.335291 0.000513
0.335457 0.000512
0.335623 0.000511
0.335789 0.000510
0.335955 0.000510
0.336121 0.000509
0.336287 0.000508
0.336453 0.000507
0.336619 0.000506
0.336785 0.000505
0.336951 0.000505
0.337117 0.000504
0.337283 0.000503
0.337449 0.000502
0.337615 0.000501
0.337780 0.000501
0.337946 0.000500
0.338112 0.000499
0.338278 0.000498
0.338444 0.000498
0.338610 0.000497
0.338776 0.000496
0.338942 0.000495
0.339108 0.000495
0.339274 0.000494
0.339440 0.000493
0.339606 0.000492
