# q I_fit
# reduced chi-square = 11.38
0.006808 0.041134
0.006974 0.041086
0.007140 0.041038
0.007306 0.040988
0.007473 0.040937
0.007639 0.040886
0.007805 0.040833
0.007971 0.040779
0.008137 0.040724
0.008304 0.040668
0.008470 0.040611
0.008636 0.040553
0.008802 0.040493
0.008968 0.040433
0.009135 0.040372
0.009301 0.040310
0.009467 0.040246
0.009633 0.040182
0.009800 0.040117
0.009966 0.040050
0.010132 0.039983
0.010298 0.039915
0.010464 0.039845
0.010631 0.039775
0.010797 0.039704
0.010963 0.039631
0.011129 0.039558
0.011296 0.039484
0.011462 0.039409
0.011628 0.039333
0.011794 0.039255
0.011960 0.039177
0.012127 0.039098
0.012293 0.039019
0.012459 0.038938
0.012625 0.038856
0.012792 0.038773
0.012958 0.038690
0.013124 0.038605
0.013290 0.038520
0.013456 0.038434
0.013623 0.038347
0.013789 0.038259
0.013955 0.038170
0.014121 0.038080
0.014288 0.037990
0.014454 0.037898
0.014620 0.037806
0.014786 0.037713
0.014952 0.037619
0.015119 0.037524
0.015285 0.037429
0.015451 0.037333
0.015617 0.037236
0.015783 0.037138
0.015950 0.037039
0.016116 0.036940
0.016282 0.036840
0.016448 0.036739
0.016615 0.036637
0.016781 0.036535
0.016947 0.036432
0.017113 0.036328
0.017279 0.036223
0.017446 0.036118
0.017612 0.036012
0.017778 0.035905
0.017944 0.035798
0.018111 0.035690
0.018277 0.035581
0.018443 0.035472
0.018609 0.035362
0.018775 0.035251
0.018942 0.035140
0.019108 0.035028
0.019274 0.034916
0.019440 0.034803
0.019607 0.034689
0.019773 0.034575
0.019939 0.034460
0.020105 0.034344
0.020271 0.034228
0.020438 0.034112
0.020604 0.033995
0.020770 0.033877
0.020936 0.033759
0.021102 0.033640
0.021269 0.033521
0.021435 0.033401
0.021601 0.033281
0.021767 0.033160
0.021934 0.033039
0.022100 0.032917
0.022266 0.032795
0.022432 0.032672
0.022598 0.032549
0.022765 0.032426
0.022931 0.032302
0.023097 0.032178
0.023263 0.032053
0.023430 0.031928
0.023596 0.031802
0.023762 0.031676
0.023928 0.031550
0.024094 0.031423
0.024261 0.031296
0.024427 0.031169
0.024593 0.031041
0.024759 0.030913
0.024926 0.030785
0.025092 0.030656
0.025258 0.030527
0.025424 0.030398
0.025590 0.030268
0.025757 0.030138
0.025923 0.030008
0.026089 0.029878
0.026255 0.029747
0.026422 0.029616
0.026588 0.029485
0.026754 0.029354
0.026920 0.029222
0.027086 0.029090
0.027253 0.028959
0.027419 0.028826
0.027585 0.028694
0.027751 0.028561
0.027917 0.028429
0.028084 0.028296
0.028250 0.028163
0.028416 0.028030
0.028582 0.027897
0.028749 0.027763
0.028915 0.027630
0.029081 0.027496
0.029247 0.027362
0.029413 0.027228
0.029580 0.027095
0.029746 0.026961
0.029912 0.026827
0.030078 0.026693
0.030245 0.026558
0.030411 0.026424
0.030577 0.026290
0.030743 0.026156
0.030909 0.026021
0.031076 0.025887
0.031242 0.025753
0.031408 0.025619
0.031574 0.025484
0.031741 0.025350
0.031907 0.025216
0.032073 0.025082
0.032239 0.024948
0.032405 0.024814
0.032572 0.024680
0.032738 0.024546
0.032904 0.024412
0.033070 0.024278
0.033237 0.024145
0.033403 0.024011
0.033569 0.023878
0.033735 0.023744
0.033901 0.023611
0.034068 0.023478
0.034234 0.023345
0.034400 0.023212
0.034566 0.023080
0.034732 0.022947
0.034899 0.022815
0.035065 0.022683
0.035231 0.022551
0.035397 0.022419
0.035564 0.022287
0.035730 0.022156
0.035896 0.022025
0.036062 0.021894
0.036228 0.021763
0.036395 0.021632
0.036561 0.021502
0.036727 0.021372
0.036893 0.021242
0.037060 0.021113
0.037226 0.020983
0.037392 0.020854
0.037558 0.020726
0.037724 0.020597
0.037891 0.020469
0.038057 0.020341
0.038223 0.020213
0.038389 0.020086
0.038556 0.019959
0.038722 0.019832
0.038888 0.019706
0.039054 0.019580
0.039220 0.019454
0.039387 0.019329
0.039553 0.019204
0.039719 0.019079
0.039885 0.018955
0.040051 0.018831
0.040218 0.018707
0.040384 0.018584
0.040550 0.018461
0.040716 0.018338
0.040883 0.018216
0.041049 0.018094
0.041215 0.017973
0.041381 0.017852
0.041547 0.017732
0.041714 0.017611
0.041880 0.017492
0.042046 0.017372
0.042212 0.017253
0.042379 0.017135
0.042545 0.017017
0.042711 0.016899
0.042877 0.016782
0.043043 0.016665
0.043210 0.016549
0.043376 0.016433
0.043542 0.016318
0.043708 0.016203
0.043875 0.016088
0.044041 0.015974
0.044207 0.015861
0.044373 0.015748
0.044539 0.015635
0.044706 0.015523
0.044872 0.015411
0.045038 0.015300
0.045204 0.015190
0.045371 0.015079
0.045537 0.014970
0.045703 0.014861
0.045869 0.014752
0.046035 0.014644
0.046202 0.014536
0.046368 0.014429
0.046534 0.014322
0.046700 0.014216
0.046866 0.014110
0.047033 0.014005
0.047199 0.013901
0.047365 0.013797
0.047531 0.013693
0.047698 0.013590
0.047864 0.013488
0.048030 0.013386
0.048196 0.013284
0.048362 0.013184
0.048529 0.013083
0.048695 0.012983
0.048861 0.012884
0.049027 0.012786
0.049194 0.012687
0.049360 0.012590
0.049526 0.012493
0.049692 0.012396
0.049858 0.012300
0.050025 0.012205
0.050191 0.012110
0.050357 0.012016
0.050523 0.011922
0.050690 0.011829
0.050856 0.011736
0.051022 0.011644
0.051188 0.011553
0.051354 0.011462
0.051521 0.011371
0.051687 0.011282
0.051853 0.011192
0.052019 0.011104
0.052186 0.011016
0.052352 0.010928
0.052518 0.010841
0.052684 0.010755
0.052850 0.010669
0.053017 0.010584
0.053183 0.010499
0.053349 0.010415
0.053515 0.010331
0.053681 0.010248
0.053848 0.010166
0.054014 0.010084
0.054180 0.010002
0.054346 0.009922
0.054513 0.009842
0.054679 0.009762
0.054845 0.009683
0.055011 0.009604
0.055177 0.009527
0.055344 0.009449
0.055510 0.009372
0.055676 0.009296
0.055842 0.009221
0.056009 0.009145
0.056175 0.009071
0.056341 0.008997
0.056507 0.008923
0.056673 0.008851
0.056840 0.008778
0.057006 0.008707
0.057172 0.008635
0.057338 0.008565
0.057505 0.008495
0.057671 0.008425
0.057837 0.008356
0.058003 0.008288
0.058169 0.008220
0.058336 0.008153
0.058502 0.008086
0.058668 0.008020
0.058834 0.007954
0.059000 0.007889
0.059167 0.007824
0.059333 0.007760
0.059499 0.007697
0.059665 0.007634
0.059832 0.007571
0.059998 0.007509
0.060164 0.007448
0.060330 0.007387
0.060496 0.007326
0.060663 0.007267
0.060829 0.007207
0.060995 0.007149
0.061161 0.007090
0.061328 0.007033
0.061494 0.006975
0.061660 0.006919
0.061826 0.006862
0.061992 0.006807
0.062159 0.006751
0.062325 0.006697
0.062491 0.006643
0.062657 0.006589
0.062824 0.006536
0.062990 0.006483
0.063156 0.006431
0.063322 0.006379
0.063488 0.006328
0.063655 0.006277
0.063821 0.006227
0.063987 0.006177
0.064153 0.006128
0.064320 0.006079
0.064486 0.006030
0.064652 0.005983
0.064818 0.005935
0.064984 0.005888
0.065151 0.005842
0.065317 0.005796
0.065483 0.005750
0.065649 0.005705
0.065815 0.005660
0.065982 0.005616
0.066148 0.005572
0.066314 0.005529
0.066480 0.005486
0.066647 0.005443
0.066813 0.005401
0.066979 0.005360
0.067145 0.005319
0.067311 0.005278
0.067478 0.005238
0.067644 0.005198
0.067810 0.005158
0.067976 0.005119
0.068143 0.005080
0.068309 0.005042
0.068475 0.005004
0.068641 0.004967
0.068807 0.004930
0.068974 0.004893
0.069140 0.004857
0.069306 0.004821
0.069472 0.004786
0.069639 0.004751
0.069805 0.004716
0.069971 0.004682
0.070137 0.004648
0.070303 0.004614
0.070470 0.004581
0.070636 0.004548
0.070802 0.004516
0.070968 0.004483
0.071135 0.004452
0.071301 0.004420
0.071467 0.004389
0.071633 0.004359
0.071799 0.004328
0.071966 0.004298
0.072132 0.004269
0.072298 0.004239
0.072464 0.004210
0.072630 0.004182
0.072797 0.004153
0.072963 0.004125
0.073129 0.004098
0.073295 0.004070
0.073462 0.004043
0.073628 0.004017
0.073794 0.003990
0.073960 0.003964
0.074126 0.003938
0.074293 0.003913
0.074459 0.003888
0.074625 0.003863
0.074791 0.003838
0.074958 0.003814
0.075124 0.003790
0.075290 0.003766
0.075456 0.003743
0.075622 0.003720
0.075789 0.003697
0.075955 0.003674
0.076121 0.003652
0.076287 0.003630
0.076454 0.003608
0.076620 0.003586
0.076786 0.003565
0.076952 0.003544
0.077118 0.003523
0.077285 0.003503
0.077451 0.003482
0.077617 0.003462
0.077783 0.003443
0.077949 0.003423
0.078116 0.003404
0.078282 0.003385
0.078448 0.003366
0.078614 0.003347
0.078781 0.003329
0.078947 0.003311
0.079113 0.003293
0.079279 0.003275
0.079445 0.003257
0.079612 0.003240
0.079778 0.003223
0.079944 0.003206
0.080110 0.003190
0.080277 0.003173
0.080443 0.003157
0.080609 0.003141
0.080775 0.003125
0.080941 0.003109
0.081108 0.003094
0.081274 0.003079
0.081440 0.003064
0.081606 0.003049
0.081773 0.003034
0.081939 0.003019
0.082105 0.003005
0.082271 0.002991
0.082437 0.002977
0.082604 0.002963
0.082770 0.002949
0.082936 0.002936
0.083102 0.002923
0.083269 0.002909
0.083435 0.002896
0.083601 0.002884
0.083767 0.002871
0.083933 0.002858
0.084100 0.002846
0.084266 0.002834
0.084432 0.002822
0.084598 0.002810
0.084764 0.002798
0.084931 0.002786
0.085097 0.002775
0.085263 0.002764
0.085429 0.002752
0.085596 0.002741
0.085762 0.002730
0.085928 0.002719
0.086094 0.002709
0.086260 0.002698
0.086427 0.002688
0.086593 0.002677
0.086759 0.002667
0.086925 0.002657
0.087092 0.002647
0.087258 0.002638
0.087424 0.002628
0.087590 0.002618
0.087756 0.002609
0.087923 0.002599
0.088089 0.002590
0.088255 0.002581
0.088421 0.002572
0.088588 0.002563
0.088754 0.002554
0.088920 0.002546
0.089086 0.002537
0.089252 0.002528
0.089419 0.002520
0.089585 0.002512
0.089751 0.002503
0.089917 0.002495
0.090084 0.002487
0.090250 0.002479
0.090416 0.002472
0.090582 0.002464
0.090748 0.002456
0.090915 0.002449
0.091081 0.002441
0.091247 0.002434
0.091413 0.002426
0.091579 0.002419
0.091746 0.002412
0.091912 0.002405
0.092078 0.002398
0.092244 0.002391
0.092411 0.002384
0.092577 0.002377
0.092743 0.002371
0.092909 0.002364
0.093075 0.002358
0.093242 0.002351
0.093408 0.002345
0.093574 0.002339
0.093740 0.002332
0.093907 0.002326
0.094073 0.002320
0.094239 0.002314
0.094405 0.002308
0.094571 0.002302
0.094738 0.002296
0.094904 0.002291
0.095070 0.002285
0.095236 0.002279
0.095403 0.002274
0.095569 0.002268
0.095735 0.002263
0.095901 0.002257
0.096067 0.002252
0.096234 0.002247
0.096400 0.002242
0.096566 0.002236
0.096732 0.002231
0.096898 0.002226
0.097065 0.002221
0.097231 0.002216
0.097397 0.002212
0.097563 0.002207
0.097730 0.002202
0.097896 0.002197
0.098062 0.002193
0.098228 0.002188
0.098394 0.002184
0.098561 0.002179
0.098727 0.002175
0.098893 0.002170
0.099059 0.002166
0.099226 0.002162
0.099392 0.002157
0.099558 0.002153
0.099724 0.002149
0.099890 0.002145
0.100057 0.002141
0.100223 0.002137
0.100389 0.002133
0.100555 0.002129
0.100722 0.002125
0.100888 0.002122
0.101054 0.002118
0.101220 0.002114
0.101386 0.002111
0.101553 0.002107
0.101719 0.002103
0.101885 0.002100
0.102051 0.002096
0.102218 0.002093
0.102384 0.002090
0.102550 0.002086
0.102716 0.002083
0.102882 0.002080
0.103049 0.002077
0.103215 0.002074
0.103381 0.002071
0.103547 0.002067
0.103713 0.002064
0.103880 0.002062
0.104046 0.002059
0.104212 0.002056
0.104378 0.002053
0.104545 0.002050
0.104711 0.002047
0.104877 0.002045
0.105043 0.002042
0.105209 0.002039
0.105376 0.002037
0.105542 0.002034
0.105708 0.002032
0.105874 0.002029
0.106041 0.002027
0.106207 0.002025
0.106373 0.002022
0.106539 0.002020
0.106705 0.002018
0.106872 0.002016
0.107038 0.002014
0.107204 0.002012
0.107370 0.002009
0.107537 0.002007
0.107703 0.002006
0.107869 0.002004
0.108035 0.002002
0.108201 0.002000
0.108368 0.001998
0.108534 0.001996
0.108700 0.001995
0.108866 0.001993
0.109033 0.001991
0.109199 0.001990
0.109365 0.001988
0.109531 0.001987
0.109697 0.001985
0.109864 0.001984
0.110030 0.001982
0.110196 0.001981
0.110362 0.001980
0.110528 0.001979
0.110695 0.001977
0.110861 0.001976
0.111027 0.001975
0.111193 0.001974
0.111360 0.001973
0.111526 0.001972
0.111692 0.001971
0.111858 0.001970
0.112024 0.001969
0.112191 0.001968
0.112357 0.001968
0.112523 0.001967
0.112689 0.001966
0.112856 0.001965
0.113022 0.001965
0.113188 0.001964
0.113354 0.001964
0.113520 0.001963
0.113687 0.001963
0.113853 0.001962
0.114019 0.001962
0.114185 0.001962
0.114352 0.001961
0.114518 0.001961
0.114684 0.001961
0.114850 0.001961
0.115016 0.001960
0.115183 0.001960
0.115349 0.001960
0.115515 0.001960
0.115681 0.001960
0.115847 0.001960
0.116014 0.001960
0.116180 0.001961
0.116346 0.001961
0.116512 0.001961
0.116679 0.001961
0.116845 0.001961
0.117011 0.001962
0.117177 0.001962
0.117343 0.001963
0.117510 0.001963
0.117676 0.001963
0.117842 0.001964
0.118008 0.001964
0.118175 0.001965
0.118341 0.001966
0.118507 0.001966
0.118673 0.001967
0.118839 0.001968
0.119006 0.001969
0.119172 0.001969
0.119338 0.001970
0.119504 0.001971
0.119671 0.001972
0.119837 0.001973
0.120003 0.001974
0.120169 0.001975
0.120335 0.001976
0.120502 0.001977
0.120668 0.001978
0.120834 0.001979
0.121000 0.001981
0.121167 0.001982
0.121333 0.001983
0.121499 0.001984
0.121665 0.001986
0.121831 0.001987
0.121998 0.001988
0.122164 0.001990
0.122330 0.001991
0.122496 0.001993
0.122662 0.001994
0.122829 0.001996
0.122995 0.001997
0.123161 0.001999
0.123327 0.002000
0.123494 0.002002
0.123660 0.002004
0.123826 0.002005
0.123992 0.002007
0.124158 0.002009
0.124325 0.002011
0.124491 0.002013
0.124657 0.002014
0.124823 0.002016
0.124990 0.002018
0.125156 0.002020
0.125322 0.002022
0.125488 0.002024
0.125654 0.002026
0.125821 0.002028
0.125987 0.002030
0.126153 0.002032
0.126319 0.002034
0.126486 0.002036
0.126652 0.002038
0.126818 0.002041
0.126984 0.002043
0.127150 0.002045
0.127317 0.002047
0.127483 0.002049
0.127649 0.002052
0.127815 0.002054
0.127982 0.002056
0.128148 0.002058
0.128314 0.002061
0.128480 0.002063
0.128646 0.002065
0.128813 0.002068
0.128979 0.002070
0.129145 0.002073
0.129311 0.002075
0.129477 0.002077
0.129644 0.002080
0.129810 0.002082
0.129976 0.002085
0.130142 0.002087
0.130309 0.002090
0.130475 0.002092
0.130641 0.002095
0.130807 0.002097
0.130973 0.002100
0.131140 0.002102
0.131306 0.002105
0.131472 0.002107
0.131638 0.002110
0.131805 0.002112
0.131971 0.002115
0.132137 0.002118
0.132303 0.002120
0.132469 0.002123
0.132636 0.002125
0.132802 0.002128
0.132968 0.002130
0.133134 0.002133
0.133301 0.002136
0.133467 0.002138
0.133633 0.002141
0.133799 0.002143
0.133965 0.002146
0.134132 0.002149
0.134298 0.002151
0.134464 0.002154
0.134630 0.002156
0.134796 0.002159
0.134963 0.002162
0.135129 0.002164
0.135295 0.002167
0.135461 0.002169
0.135628 0.002172
0.135794 0.002175
0.135960 0.002177
0.136126 0.002180
0.136292 0.002182
0.136459 0.002185
0.136625 0.002187
0.136791 0.002190
0.136957 0.002192
0.137124 0.002195
0.137290 0.002197
0.137456 0.002200
0.137622 0.002202
0.137788 0.002205
0.137955 0.002207
0.138121 0.002210
0.138287 0.002212
0.138453 0.002215
0.138620 0.002217
0.138786 0.002219
0.138952 0.002222
0.139118 0.002224
0.139284 0.002227
0.139451 0.002229
0.139617 0.002231
0.139783 0.002234
0.139949 0.002236
0.140116 0.002238
0.140282 0.002240
0.140448 0.002243
0.140614 0.002245
0.140780 0.002247
0.140947 0.002249
0.141113 0.002251
0.141279 0.002253
0.141445 0.002256
0.141611 0.002258
0.141778 0.002260
0.141944 0.002262
0.142110 0.002264
0.142276 0.002266
0.142443 0.002268
0.142609 0.002270
0.142775 0.002272
0.142941 0.002274
0.143107 0.002275
0.143274 0.002277
0.143440 0.002279
0.143606 0.002281
0.143772 0.002283
0.143939 0.002284
0.144105 0.002286
0.144271 0.002288
0.144437 0.002289
0.144603 0.002291
0.144770 0.002293
0.144936 0.002294
0.145102 0.002296
0.145268 0.002297
0.145435 0.002299
0.145601 0.002300
0.145767 0.002302
0.145933 0.002303
0.146099 0.002304
0.146266 0.002306
0.146432 0.002307
0.146598 0.002308
0.146764 0.002309
0.146931 0.002311
0.147097 0.002312
0.147263 0.002313
0.147429 0.002314
0.147595 0.002315
0.147762 0.002316
0.147928 0.002317
0.148094 0.002318
0.148260 0.002319
0.148426 0.002320
0.148593 0.002321
0.148759 0.002321
0.148925 0.002322
0.149091 0.002323
0.149258 0.002324
0.149424 0.002324
0.149590 0.002325
0.149756 0.002326
0.149922 0.002326
0.150089 0.002327
0.150255 0.002327
0.150421 0.002328
0.150587 0.002328
0.150754 0.002328
0.150920 0.002329
0.151086 0.002329
0.151252 0.002329
0.151418 0.002329
0.151585 0.002330
0.151751 0.002330
0.151917 0.002330
0.152083 0.002330
0.152250 0.002330
0.152416 0.002330
0.152582 0.002330
0.152748 0.002330
0.152914 0.002330
0.153081 0.002329
0.153247 0.002329
0.153413 0.002329
0.153579 0.002329
0.153745 0.002328
0.153912 0.002328
0.154078 0.002327
0.154244 0.002327
0.154410 0.002326
0.154577 0.002326
0.154743 0.002325
0.154909 0.002325
0.155075 0.002324
0.155241 0.002323
0.155408 0.002323
0.155574 0.002322
0.155740 0.002321
0.155906 0.002320
0.156073 0.002319
0.156239 0.002318
0.156405 0.002317
0.156571 0.002316
0.156737 0.002315
0.156904 0.002314
0.157070 0.002313
0.157236 0.002312
0.157402 0.002311
0.157569 0.002309
0.157735 0.002308
0.157901 0.002307
0.158067 0.002305
0.158233 0.002304
0.158400 0.002303
0.158566 0.002301
0.158732 0.002300
0.158898 0.002298
0.159065 0.002296
0.159231 0.002295
0.159397 0.002293
0.159563 0.002291
0.159729 0.002290
0.159896 0.002288
0.160062 0.002286
0.160228 0.002284
0.160394 0.002282
0.160560 0.002280
0.160727 0.002278
0.160893 0.002276
0.161059 0.002274
0.161225 0.002272
0.161392 0.002270
0.161558 0.002268
0.161724 0.002266
0.161890 0.002263
0.162056 0.002261
0.162223 0.002259
0.162389 0.002256
0.162555 0.002254
0.162721 0.002252
0.162888 0.002249
0.163054 0.002247
0.163220 0.002244
0.163386 0.002242
0.163552 0.002239
0.163719 0.002236
0.163885 0.002234
0.164051 0.002231
0.164217 0.002228
0.164384 0.002226
0.164550 0.002223
0.164716 0.002220
0.164882 0.002217
0.165048 0.002214
0.165215 0.002211
0.165381 0.002209
0.165547 0.002206
0.165713 0.002203
0.165880 0.002200
0.166046 0.002196
0.166212 0.002193
0.166378 0.002190
0.166544 0.002187
0.166711 0.002184
0.166877 0.002181
0.167043 0.002177
0.167209 0.002174
0.167375 0.002171
0.167542 0.002168
0.167708 0.002164
0.167874 0.002161
0.168040 0.002158
0.168207 0.002154
0.168373 0.002151
0.168539 0.002147
0.168705 0.002144
0.168871 0.002140
0.169038 0.002137
0.169204 0.002133
0.169370 0.002129
0.169536 0.002126
0.169703 0.002122
0.169869 0.002118
0.170035 0.002115
0.170201 0.002111
0.170367 0.002107
0.170534 0.002104
0.170700 0.002100
0.170866 0.002096
0.171032 0.002092
0.171199 0.002088
0.171365 0.002084
0.171531 0.002080
0.171697 0.002077
0.171863 0.002073
0.172030 0.002069
0.172196 0.002065
0.172362 0.002061
0.172528 0.002057
0.172694 0.002053
0.172861 0.002049
0.173027 0.002045
0.173193 0.002041
0.173359 0.002036
0.173526 0.002032
0.173692 0.002028
0.173858 0.002024
0.174024 0.002020
0.174190 0.002016
0.174357 0.002012
0.174523 0.002007
0.174689 0.002003
0.174855 0.001999
0.175022 0.001995
0.175188 0.001990
0.175354 0.001986
0.175520 0.001982
0.175686 0.001977
0.175853 0.001973
0.176019 0.001969
0.176185 0.001965
0.176351 0.001960
0.176518 0.001956
0.176684 0.001951
0.176850 0.001947
0.177016 0.001943
0.177182 0.001938
0.177349 0.001934
0.177515 0.001929
0.177681 0.001925
0.177847 0.001921
0.178014 0.001916
0.178180 0.001912
0.178346 0.001907
0.178512 0.001903
0.178678 0.001898
0.178845 0.001894
0.179011 0.001889
0.179177 0.001885
0.179343 0.001880
0.179509 0.001876
0.179676 0.001871
0.179842 0.001867
0.180008 0.001862
0.180174 0.001858
0.180341 0.001853
0.180507 0.001849
0.180673 0.001844
0.180839 0.001839
0.181005 0.001835
0.181172 0.001830
0.181338 0.001826
0.181504 0.001821
0.181670 0.001817
0.181837 0.001812
0.182003 0.001808
0.182169 0.001803
0.182335 0.001798
0.182501 0.001794
0.182668 0.001789
0.182834 0.001785
0.183000 0.001780
0.183166 0.001776
0.183333 0.001771
0.183499 0.001766
0.183665 0.001762
0.183831 0.001757
0.183997 0.001753
0.184164 0.001748
0.184330 0.001743
0.184496 0.001739
0.184662 0.001734
0.184829 0.001730
0.184995 0.001725
0.185161 0.001721
0.185327 0.001716
0.185493 0.001711
0.185660 0.001707
0.185826 0.001702
0.185992 0.001698
0.186158 0.001693
0.186324 0.001689
0.186491 0.001684
0.186657 0.001680
0.186823 0.001675
0.186989 0.001671
0.187156 0.001666
0.187322 0.001661
0.187488 0.001657
0.187654 0.001652
0.187820 0.001648
0.187987 0.001643
0.188153 0.001639
0.188319 0.001634
0.188485 0.001630
0.188652 0.001625
0.188818 0.001621
0.188984 0.001616
0.189150 0.001612
0.189316 0.001608
0.189483 0.001603
0.189649 0.001599
0.189815 0.001594
0.189981 0.001590
0.190148 0.001585
0.190314 0.001581
0.190480 0.001576
0.190646 0.001572
0.190812 0.001568
0.190979 0.001563
0.191145 0.001559
0.191311 0.001555
0.191477 0.001550
0.191643 0.001546
0.191810 0.001541
0.191976 0.001537
0.192142 0.001533
0.192308 0.001528
0.192475 0.001524
0.192641 0.001520
0.192807 0.001515
0.192973 0.001511
0.193139 0.001507
0.193306 0.001503
0.193472 0.001498
0.193638 0.001494
0.193804 0.001490
0.193971 0.001486
0.194137 0.001481
0.194303 0.001477
0.194469 0.001473
0.194635 0.001469
0.194802 0.001465
0.194968 0.001460
0.195134 0.001456
0.195300 0.001452
0.195467 0.001448
0.195633 0.001444
0.195799 0.001440
0.195965 0.001436
0.196131 0.001431
0.196298 0.001427
0.196464 0.001423
0.196630 0.001419
0.196796 0.001415
0.196963 0.001411
0.197129 0.001407
0.197295 0.001403
0.197461 0.001399
0.197627 0.001395
0.197794 0.001391
0.197960 0.001387
0.198126 0.001383
0.198292 0.001379
0.198458 0.001375
0.198625 0.001371
0.198791 0.001367
0.198957 0.001363
0.199123 0.001359
0.199290 0.001355
0.199456 0.001352
0.199622 0.001348
0.199788 0.001344
0.199954 0.001340
0.200121 0.001336
0.200287 0.001332
0.200453 0.001328
0.200619 0.001325
0.200786 0.001321
0.200952 0.001317
0.201118 0.001313
0.201284 0.001310
0.201450 0.001306
0.201617 0.001302
0.201783 0.001298
0.201949 0.001295
0.202115 0.001291
0.202282 0.001287
0.202448 0.001284
0.202614 0.001280
0.202780 0.001276
0.202946 0.001273
0.203113 0.001269
0.203279 0.001265
0.203445 0.001262
0.203611 0.001258
0.203778 0.001255
0.203944 0.001251
0.204110 0.001247
0.204276 0.001244
0.204442 0.001240
0.204609 0.001237
0.204775 0.001233
0.204941 0.001230
0.205107 0.001226
0.205273 0.001223
0.205440 0.001219
0.205606 0.001216
0.205772 0.001213
0.205938 0.001209
0.206105 0.001206
0.206271 0.001202
0.206437 0.001199
0.206603 0.001196
0.206769 0.001192
0.206936 0.001189
0.207102 0.001185
0.207268 0.001182
0.207434 0.001179
0.207601 0.001176
0.207767 0.001172
0.207933 0.001169
0.208099 0.001166
0.208265 0.001162
0.208432 0.001159
0.208598 0.001156
0.208764 0.001153
0.208930 0.001150
0.209097 0.001146
0.209263 0.001143
0.209429 0.001140
0.209595 0.001137
0.209761 0.001134
0.209928 0.001131
0.210094 0.001128
0.210260 0.001125
0.210426 0.001121
0.210592 0.001118
0.210759 0.001115
0.210925 0.001112
0.211091 0.001109
0.211257 0.001106
0.211424 0.001103
0.211590 0.001100
0.211756 0.001097
0.211922 0.001094
0.212088 0.001091
0.212255 0.001088
0.212421 0.001085
0.212587 0.001083
0.212753 0.001080
0.212920 0.001077
0.213086 0.001074
0.213252 0.001071
0.213418 0.001068
0.213584 0.001065
0.213751 0.001062
0.213917 0.001060
0.214083 0.001057
0.214249 0.001054
0.214416 0.001051
0.214582 0.001049
0.214748 0.001046
0.214914 0.001043
0.215080 0.001040
0.215247 0.001038
0.215413 0.001035
0.215579 0.001032
0.215745 0.001030
0.215912 0.001027
0.216078 0.001024
0.216244 0.001022
0.216410 0.001019
0.216576 0.001016
0.216743 0.001014
0.216909 0.001011
0.217075 0.001009
0.217241 0.001006
0.217407 0.001004
0.217574 0.001001
0.217740 0.000999
0.217906 0.000996
0.218072 0.000994
0.218239 0.000991
0.218405 0.000989
0.218571 0.000986
0.218737 0.000984
0.218903 0.000981
0.219070 0.000979
0.219236 0.000977
0.219402 0.000974
0.219568 0.000972
0.219735 0.000970
0.219901 0.000967
0.220067 0.000965
0.220233 0.000963
0.220399 0.000960
0.220566 0.000958
0.220732 0.000956
0.220898 0.000954
0.221064 0.000951
0.221231 0.000949
0.221397 0.000947
0.221563 0.000945
0.221729 0.000942
0.221895 0.000940
0.222062 0.000938
0.222228 0.000936
0.222394 0.000934
0.222560 0.000932
0.222727 0.000930
0.222893 0.000928
0.223059 0.000926
0.223225 0.000924
0.223391 0.000921
0.223558 0.000919
0.223724 0.000917
0.223890 0.000915
0.224056 0.000913
0.224222 0.000912
0.224389 0.000910
0.224555 0.000908
0.224721 0.000906
0.224887 0.000904
0.225054 0.000902
0.225220 0.000900
0.225386 0.000898
0.225552 0.000896
0.225718 0.000894
0.225885 0.000893
0.226051 0.000891
0.226217 0.000889
0.226383 0.000887
0.226550 0.000886
0.226716 0.000884
0.226882 0.000882
0.227048 0.000880
0.227214 0.000879
0.227381 0.000877
0.227547 0.000875
0.227713 0.000874
0.227879 0.000872
0.228046 0.000870
0.228212 0.000869
0.228378 0.000867
0.228544 0.000866
0.228710 0.000864
0.228877 0.000862
0.229043 0.000861
0.229209 0.000859
0.229375 0.000858
0.229541 0.000856
0.229708 0.000855
0.229874 0.000853
0.230040 0.000852
0.230206 0.000851
0.230373 0.000849
0.230539 0.000848
0.230705 0.000846
0.230871 0.000845
0.231037 0.000844
0.231204 0.000842
0.231370 0.000841
0.231536 0.000840
0.231702 0.000838
0.231869 0.000837
0.232035 0.000836
0.232201 0.000835
0.232367 0.000833
0.232533 0.000832
0.232700 0.000831
0.232866 0.000830
0.233032 0.000829
0.233198 0.000827
0.233365 0.000826
0.233531 0.000825
0.233697 0.000824
0.233863 0.000823
0.234029 0.000822
0.234196 0.000821
0.234362 0.000820
0.234528 0.000819
0.234694 0.000818
0.234861 0.000817
0.235027 0.000816
0.235193 0.000815
0.235359 0.000814
0.235525 0.000813
0.235692 0.000812
0.235858 0.000811
0.236024 0.000810
0.236190 0.000809
0.236356 0.000808
0.236523 0.000807
0.236689 0.000807
0.236855 0.000806
0.237021 0.000805
0.237188 0.000804
0.237354 0.000803
0.237520 0.000803
0.237686 0.000802
0.237852 0.000801
0.238019 0.000800
0.238185 0.000800
0.238351 0.000799
0.238517 0.000798
0.238684 0.000798
0.238850 0.000797
0.239016 0.000796
0.239182 0.000796
0.239348 0.000795
0.239515 0.000794
0.239681 0.000794
0.239847 0.000793
0.240013 0.000793
0.240180 0.000792
0.240346 0.000792
0.240512 0.000791
0.240678 0.000791
0.240844 0.000790
0.241011 0.000790
0.241177 0.000789
0.241343 0.000789
0.241509 0.000788
0.241676 0.000788
0.241842 0.000788
0.242008 0.000787
0.242174 0.000787
0.242340 0.000787
0.242507 0.000786
0.242673 0.000786
0.242839 0.000786
0.243005 0.000785
0.243171 0.000785
0.243338 0.000785
0.243504 0.000784
0.243670 0.000784
0.243836 0.000784
0.244003 0.000784
0.244169 0.000784
0.244335 0.000783
0.244501 0.000783
0.244667 0.000783
0.244834 0.000783
0.245000 0.000783
0.245166 0.000783
0.245332 0.000782
0.245499 0.000782
0.245665 0.000782
0.245831 0.000782
0.245997 0.000782
0.246163 0.000782
0.246330 0.000782
0.246496 0.000782
0.246662 0.000782
0.246828 0.000782
0.246995 0.000782
0.247161 0.000782
0.247327 0.000782
0.247493 0.000782
0.247659 0.000782
0.247826 0.000782
0.247992 0.000782
0.248158 0.000782
0.248324 0.000782
0.248490 0.000782
0.248657 0.000783
0.248823 0.000783
0.248989 0.000783
0.249155 0.000783
0.249322 0.000783
0.249488 0.000783
0.249654 0.000783
0.249820 0.000784
0.249986 0.000784
0.250153 0.000784
0.250319 0.000784
0.250485 0.000784
0.250651 0.000785
0.250818 0.000785
0.250984 0.000785
0.251150 0.000785
0.251316 0.000786
0.251482 0.000786
0.251649 0.000786
0.251815 0.000787
0.251981 0.000787
0.252147 0.000787
0.252314 0.000788
0.252480 0.000788
0.252646 0.000788
0.252812 0.000789
0.252978 0.000789
0.253145 0.000789
0.253311 0.000790
0.253477 0.000790
0.253643 0.000790
0.253810 0.000791
0.253976 0.000791
0.254142 0.000792
0.254308 0.000792
0.254474 0.000792
0.254641 0.000793
0.254807 0.000793
0.254973 0.000794
0.255139 0.000794
0.255305 0.000795
0.255472 0.000795
0.255638 0.000796
0.255804 0.000796
0.255970 0.000797
0.256137 0.000797
0.256303 0.000798
0.256469 0.000798
0.256635 0.000799
0.256801 0.000799
0.256968 0.000800
0.257134 0.000800
0.257300 0.000801
0.257466 0.000801
0.257633 0.000802
0.257799 0.000802
0.257965 0.000803
0.258131 0.000803
0.258297 0.000804
0.258464 0.000805
0.258630 0.000805
0.258796 0.000806
0.258962 0.000806
0.259129 0.000807
0.259295 0.000807
0.259461 0.000808
0.259627 0.000809
0.259793 0.000809
0.259960 0.000810
0.260126 0.000810
0.260292 0.000811
0.260458 0.000812
0.260624 0.000812
0.260791 0.000813
0.260957 0.000813
0.261123 0.000814
0.261289 0.000815
0.261456 0.000815
0.261622 0.000816
0.261788 0.000816
0.261954 0.000817
0.262120 0.000818
0.262287 0.000818
0.262453 0.000819
0.262619 0.000820
0.262785 0.000820
0.262952 0.000821
0.263118 0.000822
0.263284 0.000822
0.263450 0.000823
0.263616 0.000823
0.263783 0.000824
0.263949 0.000825
0.264115 0.000825
0.264281 0.000826
0.264448 0.000827
0.264614 0.000827
0.264780 0.000828
0.264946 0.000829
0.265112 0.000829
0.265279 0.000830
0.265445 0.000830
0.265611 0.000831
0.265777 0.000832
0.265944 0.000832
0.266110 0.000833
0.266276 0.000834
0.266442 0.000834
0.266608 0.000835
0.266775 0.000836
0.266941 0.000836
0.267107 0.000837
0.267273 0.000837
0.267439 0.000838
0.267606 0.000839
0.267772 0.000839
0.267938 0.000840
0.268104 0.000841
0.268271 0.000841
0.268437 0.000842
0.268603 0.000842
0.268769 0.000843
0.268935 0.000844
0.269102 0.000844
0.269268 0.000845
0.269434 0.000845
0.269600 0.000846
0.269767 0.000847
0.269933 0.000847
0.270099 0.000848
0.270265 0.000848
0.270431 0.000849
0.270598 0.000850
0.270764 0.000850
0.270930 0.000851
0.271096 0.000851
0.271263 0.000852
0.271429 0.000852
0.271595 0.000853
0.271761 0.000854
0.271927 0.000854
0.272094 0.000855
0.272260 0.000855
0.272426 0.000856
0.272592 0.000856
0.272759 0.000857
0.272925 0.000857
0.273091 0.000858
0.273257 0.000858
0.273423 0.000859
0.273590 0.000859
0.273756 0.000860
0.273922 0.000860
0.274088 0.000861
0.274254 0.000861
0.274421 0.000862
0.274587 0.000862
0.274753 0.000863
0.274919 0.000863
0.275086 0.000864
0.275252 0.000864
0.275418 0.000865
0.275584 0.000865
0.275750 0.000865
0.275917 0.000866
0.276083 0.000866
0.276249 0.000867
0.276415 0.000867
0.276582 0.000868
0.276748 0.000868
0.276914 0.000868
0.277080 0.000869
0.277246 0.000869
0.277413 0.000870
0.277579 0.000870
0.277745 0.000870
0.277911 0.000871
0.278078 0.000871
0.278244 0.000871
0.278410 0.000872
0.278576 0.000872
0.278742 0.000872
0.278909 0.000873
0.279075 0.000873
0.279241 0.000873
0.279407 0.000874
0.279573 0.000874
0.279740 0.000874
0.279906 0.000875
0.280072 0.000875
0.280238 0.000875
0.280405 0.000875
0.280571 0.000876
0.280737 0.000876
0.280903 0.000876
0.281069 0.000876
0.281236 0.000877
0.281402 0.000877
0.281568 0.000877
0.281734 0.000877
0.281901 0.000878
0.282067 0.000878
0.282233 0.000878
0.282399 0.000878
0.282565 0.000878
0.282732 0.000879
0.282898 0.000879
0.283064 0.000879
0.283230 0.000879
0.283397 0.000879
0.283563 0.000879
0.283729 0.000879
0.283895 0.000880
0.284061 0.000880
0.284228 0.000880
0.284394 0.000880
0.284560 0.000880
0.284726 0.000880
0.284893 0.000880
0.285059 0.000880
0.285225 0.000880
0.285391 0.000880
0.285557 0.000881
0.285724 0.000881
0.285890 0.000881
0.286056 0.000881
0.286222 0.000881
0.286388 0.000881
0.286555 0.000881
0.286721 0.000881
0.286887 0.000881
0.287053 0.000881
0.287220 0.000881
0.287386 0.000881
0.287552 0.000881
0.287718 0.000881
0.287884 0.000881
0.288051 0.000881
0.288217 0.000881
0.288383 0.000881
0.288549 0.000880
0.288716 0.000880
0.288882 0.000880
0.289048 0.000880
0.289214 0.000880
0.289380 0.000880
0.289547 0.000880
0.289713 0.000880
0.289879 0.000880
0.290045 0.000880
0.290212 0.000879
0.290378 0.000879
0.290544 0.000879
0.290710 0.000879
0.290876 0.000879
0.291043 0.000879
0.291209 0.000879
0.291375 0.000878
0.291541 0.000878
0.291708 0.000878
0.291874 0.000878
0.292040 0.000878
0.292206 0.000877
0.292372 0.000877
0.292539 0.000877
0.292705 0.000877
0.292871 0.000876
0.293037 0.000876
0.293203 0.000876
0.293370 0.000876
0.293536 0.000875
0.293702 0.000875
0.293868 0.000875
0.294035 0.000875
0.294201 0.000874
0.294367 0.000874
0.294533 0.000874
0.294699 0.000873
0.294866 0.000873
0.295032 0.000873
0.295198 0.000872
0.295364 0.000872
0.295531 0.000872
0.295697 0.000871
0.295863 0.000871
0.296029 0.000871
0.296195 0.000870
0.296362 0.000870
0.296528 0.000870
0.296694 0.000869
0.296860 0.000869
0.297027 0.000869
0.297193 0.000868
0.297359 0.000868
0.297525 0.000867
0.297691 0.000867
0.297858 0.000867
0.298024 0.000866
0.298190 0.000866
0.298356 0.000865
0.298522 0.000865
0.298689 0.000864
0.298855 0.000864
0.299021 0.000863
0.299187 0.000863
0.299354 0.000863
0.299520 0.000862
0.299686 0.000862
0.299852 0.000861
0.300018 0.000861
0.300185 0.000860
0.300351 0.000860
0.300517 0.000859
0.300683 0.000859
0.300850 0.000858
0.301016 0.000858
0.301182 0.000857
0.301348 0.000857
0.301514 0.000856
0.301681 0.000856
0.301847 0.000855
0.302013 0.000854
0.302179 0.000854
0.302346 0.000853
0.302512 0.000853
0.302678 0.000852
0.302844 0.000852
0.303010 0.000851
0.303177 0.000851
0.303343 0.000850
0.303509 0.000849
0.303675 0.000849
0.303842 0.000848
0.304008 0.000848
0.304174 0.000847
0.304340 0.000846
0.304506 0.000846
0.304673 0.000845
0.304839 0.000845
0.305005 0.000844
0.305171 0.000843
0.305337 0.000843
0.305504 0.000842
0.305670 0.000841
0.305836 0.000841
0.306002 0.000840
0.306169 0.000839
0.306335 0.000839
0.306501 0.000838
0.306667 0.000837
0.306833 0.000837
0.307000 0.000836
0.307166 0.000835
0.307332 0.000835
0.307498 0.000834
0.307665 0.000833
0.307831 0.000833
0.307997 0.000832
0.308163 0.000831
0.308329 0.000831
0.308496 0.000830
0.308662 0.000829
0.308828 0.000829
0.308994 0.000828
0.309161 0.000827
0.309327 0.000826
0.309493 0.000826
0.309659 0.000825
0.309825 0.000824
0.309992 0.000823
0.310158 0.000823
0.310324 0.000822
0.310490 0.000821
0.310657 0.000820
0.310823 0.000820
0.310989 0.000819
0.311155 0.000818
0.311321 0.000817
0.311488 0.000817
0.311654 0.000816
0.311820 0.000815
0.311986 0.000814
0.312152 0.000814
0.312319 0.000813
0.312485 0.000812
0.312651 0.000811
0.312817 0.000811
0.312984 0.000810
0.313150 0.000809
0.313316 0.000808
0.313482 0.000807
0.313648 0.000807
0.313815 0.000806
0.313981 0.000805
0.314147 0.000804
0.314313 0.000803
0.314480 0.000803
0.314646 0.000802
0.314812 0.000801
0.314978 0.000800
0.315144 0.000799
0.315311 0.000799
0.315477 0.000798
0.315643 0.000797
0.315809 0.000796
0.315976 0.000795
0.316142 0.000794
0.316308 0.000794
0.316474 0.000793
0.316640 0.000792
0.316807 0.000791
0.316973 0.000790
0.317139 0.000789
0.317305 0.000789
0.317471 0.000788
0.317638 0.000787
0.317804 0.000786
0.317970 0.000785
0.318136 0.000784
0.318303 0.000783
0.318469 0.000783
0.318635 0.000782
0.318801 0.000781
0.318967 0.000780
0.319134 0.000779
0.319300 0.000778
0.319466 0.000777
0.319632 0.000777
0.319799 0.000776
0.319965 0.000775
0.320131 0.000774
0.320297 0.000773
0.320463 0.000772
0.320630 0.000771
0.320796 0.000770
0.320962 0.000770
0.321128 0.000769
0.321295 0.000768
0.321461 0.000767
0.321627 0.000766
0.321793 0.000765
0.321959 0.000764
0.322126 0.000763
0.322292 0.000762
0.322458 0.000762
0.322624 0.000761
0.322791 0.000760
0.322957 0.000759
0.323123 0.000758
0.323289 0.000757
0.323455 0.000756
0.323622 0.000755
0.323788 0.000754
0.323954 0.000754
0.324120 0.000753
0.324286 0.000752
0.324453 0.000751
0.324619 0.000750
0.324785 0.000749
0.324951 0.000748
0.325118 0.000747
0.325284 0.000746
0.325450 0.000745
0.325616 0.000744
0.325782 0.000744
0.325949 0.000743
0.326115 0.000742
0.326281 0.000741
0.326447 0.000740
0.326614 0.000739
0.326780 0.000738
0.326946 0.000737
0.327112 0.000736
0.327278 0.000735
0.327445 0.000735
0.327611 0.000734
0.327777 0.000733
0.327943 0.000732
0.328110 0.000731
0.328276 0.000730
0.328442 0.000729
0.328608 0.000728
0.328774 0.000727
0.328941 0.000726
0.329107 0.000725
0.329273 0.000725
0.329439 0.000724
0.329606 0.000723
0.329772 0.000722
0.329938 0.000721
0.330104 0.000720
0.330270 0.000719
0.330437 0.000718
0.330603 0.000717
0.330769 0.000716
0.330935 0.000715
0.331101 0.000715
0.331268 0.000714
0.331434 0.000713
0.331600 0.000712
0.331766 0.000711
0.331933 0.000710
0.332099 0.000709
0.332265 0.000708
0.332431 0.000707
0.332597 0.000706
0.332764 0.000705
0.332930 0.000705
0.333096 0.000704
0.333262 0.000703
0.333429 0.000702
0.333595 0.000701
0.333761 0.000700
0.333927 0.000699
0.334093 0.000698
0.334260 0.000697
0.334426 0.000696
0.334592 0.000696
0.334758 0.000695
0.334925 0.000694
0.335091 0.000693
0.335257 0.000692
0.335423 0.000691
0.335589 0.000690
0.335756 0.000689
0.335922 0.000689
0.336088 0.000688
0.336254 0.000687
0.336420 0.000686
0.336587 0.000685
0.336753 0.000684
0.336919 0.000683
0.337085 0.000682
0.337252 0.000681
0.337418 0.000681
0.337584 0.000680
0.337750 0.000679
0.337916 0.000678
0.338083 0.000677
0.338249 0.000676
0.338415 0.000675
0.338581 0.000675
0.338748 0.000674
0.338914 0.000673
0.339080 0.000672
