# q I_dat dI_dat
0.008517 0.014750 0.000777
0.008714 0.014353 0.000532
0.008977 0.014319 0.000518
0.009240 0.015380 0.000497
0.009503 0.015382 0.000479
0.009766 0.014930 0.000468
0.010029 0.014423 0.000452
0.010292 0.014981 0.000439
0.010555 0.015405 0.000425
0.010818 0.015028 0.000413
0.011081 0.015266 0.000408
0.011344 0.014667 0.000392
0.011607 0.015184 0.000382
0.011870 0.014201 0.000362
0.012133 0.014779 0.000350
0.012396 0.014647 0.000341
0.012659 0.014974 0.000329
0.012922 0.014681 0.000318
0.013185 0.014535 0.000310
0.013448 0.014421 0.000305
0.013711 0.013937 0.000302
0.013974 0.013923 0.000294
0.014237 0.014557 0.000290
0.014500 0.014432 0.000287
0.014763 0.014011 0.000282
0.015026 0.013768 0.000281
0.015289 0.013835 0.000274
0.015552 0.014125 0.000271
0.015815 0.013661 0.000269
0.016078 0.013657 0.000264
0.016341 0.013651 0.000262
0.016603 0.013443 0.000258
0.016866 0.013342 0.000256
0.017129 0.012956 0.000253
0.017392 0.012735 0.000250
0.017655 0.013087 0.000249
0.017984 0.012473 0.000199
0.018379 0.012481 0.000197
0.018773 0.012236 0.000194
0.019168 0.012343 0.000191
0.019562 0.012238 0.000189
0.019956 0.011942 0.000186
0.020351 0.011907 0.000184
0.020745 0.011522 0.000181
0.021140 0.011419 0.000179
0.021534 0.011534 0.000178
0.021929 0.011029 0.000175
0.022323 0.011107 0.000173
0.022718 0.010795 0.000171
0.023112 0.010696 0.000169
0.023507 0.010453 0.000168
0.023901 0.010283 0.000166
0.024296 0.010080 0.000163
0.024690 0.009753 0.000162
0.025085 0.009804 0.000160
0.025479 0.009575 0.000159
0.025939 0.009522 0.000136
0.026465 0.009067 0.000135
0.026991 0.009006 0.000133
0.027517 0.008649 0.000131
0.028043 0.008500 0.000129
0.028569 0.008251 0.000128
0.029095 0.008084 0.000127
0.029621 0.007875 0.000125
0.030147 0.007711 0.000124
0.030673 0.007336 0.000123
0.031199 0.007084 0.000121
0.031725 0.006900 0.000120
0.032251 0.006522 0.000119
0.032777 0.006522 0.000118
0.033303 0.006635 0.000118
0.033894 0.006121 0.000106
0.034552 0.005940 0.000106
0.035209 0.005593 0.000107
0.035867 0.005467 0.000110
0.036524 0.005368 0.000110
0.037182 0.005072 0.000111
0.037839 0.004731 0.000111
0.038496 0.004592 0.000109
0.039154 0.004427 0.000107
0.039811 0.004194 0.000106
0.040469 0.003876 0.000105
0.041192 0.003834 0.000095
0.041981 0.003663 0.000094
0.042770 0.003573 0.000094
0.043559 0.003116 0.000093
0.044348 0.002899 0.000092
0.045137 0.002724 0.000092
0.045926 0.002627 0.000091
0.046714 0.002494 0.000093
0.047503 0.002422 0.000095
0.048358 0.002271 0.000089
0.049279 0.002129 0.000089
0.050199 0.001950 0.000090
0.051119 0.001666 0.000090
0.052040 0.001663 0.000091
0.052960 0.001558 0.000091
0.053881 0.001377 0.000091
0.054801 0.001265 0.000091
0.055787 0.001220 0.000086
0.056839 0.001091 0.000086
0.057891 0.000984 0.000085
0.058943 0.000829 0.000085
0.059995 0.000847 0.000084
0.061047 0.000751 0.000084
0.062099 0.000760 0.000083
0.063216 0.000615 0.000078
0.064400 0.000602 0.000078
0.065583 0.000635 0.000077
0.066767 0.000606 0.000077
0.067950 0.000432 0.000077
0.069199 0.000466 0.000072
0.070514 0.000541 0.000072
0.071829 0.000568 0.000072
0.073144 0.000460 0.000071
0.074459 0.000401 0.000071
0.075773 0.000611 0.000071
0.077154 0.000487 0.000067
0.078601 0.000588 0.000067
0.080047 0.000688 0.000066
0.081493 0.000674 0.000066
0.082940 0.000726 0.000066
0.084452 0.000789 0.000063
0.086030 0.000759 0.000062
0.087607 0.000779 0.000062
0.089185 0.000977 0.000062
0.090829 0.000926 0.000059
0.092538 0.001048 0.000062
0.094248 0.001064 0.000060
0.095957 0.001091 0.000059
0.097732 0.001136 0.000056
0.099573 0.001311 0.000055
0.101414 0.001268 0.000055
0.103255 0.001362 0.000055
0.105161 0.001344 0.000053
0.107134 0.001441 0.000054
0.109106 0.001464 0.000057
0.111144 0.001458 0.000057
0.113248 0.001469 0.000054
0.115352 0.001417 0.000053
0.117455 0.001499 0.000051
0.119625 0.001558 0.000049
0.121860 0.001505 0.000048
0.124096 0.001529 0.000048
0.126397 0.001537 0.000046
0.128763 0.001548 0.000045
0.131196 0.001531 0.000044
0.133694 0.001473 0.000044
0.136193 0.001533 0.000043
0.138757 0.001442 0.000042
0.141386 0.001478 0.000041
0.144016 0.001405 0.000041
0.146712 0.001374 0.000040
0.149473 0.001329 0.000039
0.152300 0.001372 0.000038
0.155193 0.001278 0.000038
0.158085 0.001334 0.000038
0.161044 0.001262 0.000037
0.164068 0.001190 0.000036
0.167158 0.001220 0.000035
0.170314 0.001170 0.000035
0.173535 0.001136 0.000034
0.176823 0.001049 0.000034
0.180175 0.001050 0.000033
0.183594 0.000945 0.000036
0.187079 0.000923 0.000034
0.190629 0.000816 0.000032
0.194245 0.000809 0.000031
0.197926 0.000781 0.000031
0.201674 0.000741 0.000030
0.205487 0.000623 0.000030
0.209366 0.000623 0.000029
0.213376 0.000573 0.000028
0.217453 0.000558 0.000028
0.221594 0.000506 0.000027
0.225802 0.000502 0.000027
0.230075 0.000439 0.000027
0.234480 0.000446 0.000028
0.238951 0.000418 0.000029
0.243487 0.000406 0.000029
0.248155 0.000383 0.000029
0.252954 0.000375 0.000029
0.257820 0.000372 0.000033
0.262750 0.000395 0.000035
0.267813 0.000341 0.000037
0.272941 0.000364 0.000039
0.278135 0.000375 0.000040
0.283460 0.000374 0.000042
0.288917 0.000327 0.000044
0.294505 0.000374 0.000046
0.300225 0.000278 0.000048
0.306010 0.000378 0.000052
0.311861 0.000337 0.000057
0.317844 0.000288 0.000063
0.323958 0.000384 0.000073
0.330204 0.000268 0.000089
0.336581 0.000386 0.000134
0.339934 0.000192 0.000951
