# q I_fit
# reduced chi-square = 13.63
0.006545 0.062453
0.006711 0.062382
0.006877 0.062309
0.007044 0.062234
0.007210 0.062157
0.007376 0.062079
0.007542 0.062000
0.007709 0.061918
0.007875 0.061835
0.008041 0.061750
0.008208 0.061664
0.008374 0.061576
0.008540 0.061486
0.008706 0.061395
0.008873 0.061302
0.009039 0.061208
0.009205 0.061112
0.009372 0.061014
0.009538 0.060915
0.009704 0.060814
0.009870 0.060712
0.010037 0.060608
0.010203 0.060502
0.010369 0.060395
0.010535 0.060287
0.010702 0.060177
0.010868 0.060065
0.011034 0.059952
0.011201 0.059838
0.011367 0.059722
0.011533 0.059604
0.011699 0.059485
0.011866 0.059365
0.012032 0.059243
0.012198 0.059120
0.012365 0.058996
0.012531 0.058870
0.012697 0.058742
0.012863 0.058614
0.013030 0.058484
0.013196 0.058352
0.013362 0.058219
0.013529 0.058085
0.013695 0.057950
0.013861 0.057813
0.014027 0.057675
0.014194 0.057536
0.014360 0.057395
0.014526 0.057253
0.014693 0.057110
0.014859 0.056966
0.015025 0.056821
0.015191 0.056674
0.015358 0.056526
0.015524 0.056377
0.015690 0.056226
0.015857 0.056075
0.016023 0.055922
0.016189 0.055769
0.016355 0.055614
0.016522 0.055458
0.016688 0.055301
0.016854 0.055143
0.017021 0.054983
0.017187 0.054823
0.017353 0.054662
0.017519 0.054500
0.017686 0.054336
0.017852 0.054172
0.018018 0.054007
0.018185 0.053840
0.018351 0.053673
0.018517 0.053505
0.018683 0.053336
0.018850 0.053166
0.019016 0.052995
0.019182 0.052823
0.019349 0.052650
0.019515 0.052477
0.019681 0.052302
0.019847 0.052127
0.020014 0.051951
0.020180 0.051774
0.020346 0.051596
0.020513 0.051418
0.020679 0.051239
0.020845 0.051059
0.021011 0.050878
0.021178 0.050697
0.021344 0.050514
0.021510 0.050332
0.021677 0.050148
0.021843 0.049964
0.022009 0.049779
0.022175 0.049594
0.022342 0.049407
0.022508 0.049221
0.022674 0.049034
0.022841 0.048846
0.023007 0.048657
0.023173 0.048468
0.023339 0.048279
0.023506 0.048089
0.023672 0.047898
0.023838 0.047707
0.024005 0.047516
0.024171 0.047324
0.024337 0.047131
0.024503 0.046938
0.024670 0.046745
0.024836 0.046551
0.025002 0.046357
0.025169 0.046163
0.025335 0.045968
0.025501 0.045773
0.025667 0.045577
0.025834 0.045381
0.026000 0.045185
0.026166 0.044989
0.026333 0.044792
0.026499 0.044595
0.026665 0.044398
0.026831 0.044200
0.026998 0.044002
0.027164 0.043804
0.027330 0.043606
0.027497 0.043408
0.027663 0.043209
0.027829 0.043011
0.027995 0.042812
0.028162 0.042613
0.028328 0.042414
0.028494 0.042215
0.028661 0.042015
0.028827 0.041816
0.028993 0.041617
0.029159 0.041417
0.029326 0.041218
0.029492 0.041018
0.029658 0.040819
0.029825 0.040619
0.029991 0.040420
0.030157 0.040220
0.030323 0.040020
0.030490 0.039821
0.030656 0.039622
0.030822 0.039422
0.030989 0.039223
0.031155 0.039024
0.031321 0.038825
0.031487 0.038626
0.031654 0.038427
0.031820 0.038229
0.031986 0.038030
0.032153 0.037832
0.032319 0.037634
0.032485 0.037436
0.032651 0.037238
0.032818 0.037041
0.032984 0.036843
0.033150 0.036646
0.033317 0.036450
0.033483 0.036253
0.033649 0.036057
0.033815 0.035861
0.033982 0.035665
0.034148 0.035470
0.034314 0.035275
0.034481 0.035080
0.034647 0.034885
0.034813 0.034691
0.034979 0.034497
0.035146 0.034304
0.035312 0.034111
0.035478 0.033918
0.035645 0.033726
0.035811 0.033534
0.035977 0.033343
0.036143 0.033152
0.036310 0.032961
0.036476 0.032771
0.036642 0.032582
0.036808 0.032392
0.036975 0.032204
0.037141 0.032015
0.037307 0.031828
0.037474 0.031640
0.037640 0.031454
0.037806 0.031267
0.037972 0.031081
0.038139 0.030896
0.038305 0.030712
0.038471 0.030527
0.038638 0.030344
0.038804 0.030161
0.038970 0.029978
0.039136 0.029796
0.039303 0.029615
0.039469 0.029434
0.039635 0.029254
0.039802 0.029074
0.039968 0.028895
0.040134 0.028717
0.040300 0.028539
0.040467 0.028362
0.040633 0.028186
0.040799 0.028010
0.040966 0.027835
0.041132 0.027660
0.041298 0.027486
0.041464 0.027313
0.041631 0.027140
0.041797 0.026969
0.041963 0.026797
0.042130 0.026627
0.042296 0.026457
0.042462 0.026288
0.042628 0.026119
0.042795 0.025952
0.042961 0.025785
0.043127 0.025618
0.043294 0.025453
0.043460 0.025288
0.043626 0.025124
0.043792 0.024960
0.043959 0.024798
0.044125 0.024636
0.044291 0.024475
0.044458 0.024314
0.044624 0.024155
0.044790 0.023996
0.044956 0.023838
0.045123 0.023680
0.045289 0.023524
0.045455 0.023368
0.045622 0.023213
0.045788 0.023058
0.045954 0.022905
0.046120 0.022752
0.046287 0.022600
0.046453 0.022449
0.046619 0.022298
0.046786 0.022149
0.046952 0.022000
0.047118 0.021852
0.047284 0.021705
0.047451 0.021558
0.047617 0.021413
0.047783 0.021268
0.047950 0.021124
0.048116 0.020981
0.048282 0.020838
0.048448 0.020697
0.048615 0.020556
0.048781 0.020416
0.048947 0.020277
0.049114 0.020138
0.049280 0.020001
0.049446 0.019864
0.049612 0.019728
0.049779 0.019593
0.049945 0.019459
0.050111 0.019325
0.050278 0.019192
0.050444 0.019060
0.050610 0.018929
0.050776 0.018799
0.050943 0.018670
0.051109 0.018541
0.051275 0.018413
0.051442 0.018286
0.051608 0.018160
0.051774 0.018035
0.051940 0.017910
0.052107 0.017786
0.052273 0.017664
0.052439 0.017541
0.052606 0.017420
0.052772 0.017300
0.052938 0.017180
0.053104 0.017061
0.053271 0.016943
0.053437 0.016825
0.053603 0.016709
0.053770 0.016593
0.053936 0.016478
0.054102 0.016364
0.054268 0.016251
0.054435 0.016138
0.054601 0.016027
0.054767 0.015916
0.054934 0.015805
0.055100 0.015696
0.055266 0.015587
0.055432 0.015480
0.055599 0.015372
0.055765 0.015266
0.055931 0.015161
0.056098 0.015056
0.056264 0.014952
0.056430 0.014849
0.056596 0.014746
0.056763 0.014644
0.056929 0.014543
0.057095 0.014443
0.057262 0.014344
0.057428 0.014245
0.057594 0.014147
0.057760 0.014050
0.057927 0.013953
0.058093 0.013858
0.058259 0.013763
0.058426 0.013668
0.058592 0.013575
0.058758 0.013482
0.058924 0.013390
0.059091 0.013298
0.059257 0.013207
0.059423 0.013117
0.059590 0.013028
0.059756 0.012940
0.059922 0.012852
0.060088 0.012764
0.060255 0.012678
0.060421 0.012592
0.060587 0.012507
0.060754 0.012422
0.060920 0.012338
0.061086 0.012255
0.061252 0.012173
0.061419 0.012091
0.061585 0.012010
0.061751 0.011929
0.061918 0.011849
0.062084 0.011770
0.062250 0.011692
0.062416 0.011614
0.062583 0.011536
0.062749 0.011460
0.062915 0.011384
0.063081 0.011308
0.063248 0.011233
0.063414 0.011159
0.063580 0.011086
0.063747 0.011013
0.063913 0.010940
0.064079 0.010868
0.064245 0.010797
0.064412 0.010727
0.064578 0.010657
0.064744 0.010587
0.064911 0.010518
0.065077 0.010450
0.065243 0.010382
0.065409 0.010315
0.065576 0.010248
0.065742 0.010182
0.065908 0.010117
0.066075 0.010052
0.066241 0.009987
0.066407 0.009923
0.066573 0.009860
0.066740 0.009797
0.066906 0.009735
0.067072 0.009673
0.067239 0.009612
0.067405 0.009551
0.067571 0.009491
0.067737 0.009431
0.067904 0.009372
0.068070 0.009313
0.068236 0.009255
0.068403 0.009197
0.068569 0.009140
0.068735 0.009083
0.068901 0.009026
0.069068 0.008970
0.069234 0.008915
0.069400 0.008860
0.069567 0.008805
0.069733 0.008751
0.069899 0.008698
0.070065 0.008644
0.070232 0.008592
0.070398 0.008539
0.070564 0.008487
0.070731 0.008436
0.070897 0.008385
0.071063 0.008334
0.071229 0.008284
0.071396 0.008234
0.071562 0.008185
0.071728 0.008136
0.071895 0.008087
0.072061 0.008039
0.072227 0.007991
0.072393 0.007944
0.072560 0.007897
0.072726 0.007850
0.072892 0.007804
0.073059 0.007758
0.073225 0.007712
0.073391 0.007667
0.073557 0.007622
0.073724 0.007578
0.073890 0.007533
0.074056 0.007490
0.074223 0.007446
0.074389 0.007403
0.074555 0.007360
0.074721 0.007318
0.074888 0.007276
0.075054 0.007234
0.075220 0.007192
0.075387 0.007151
0.075553 0.007110
0.075719 0.007070
0.075885 0.007030
0.076052 0.006990
0.076218 0.006950
0.076384 0.006911
0.076551 0.006872
0.076717 0.006833
0.076883 0.006795
0.077049 0.006756
0.077216 0.006718
0.077382 0.006681
0.077548 0.006644
0.077715 0.006607
0.077881 0.006570
0.078047 0.006533
0.078213 0.006497
0.078380 0.006461
0.078546 0.006425
0.078712 0.006390
0.078879 0.006355
0.079045 0.006320
0.079211 0.006285
0.079377 0.006250
0.079544 0.006216
0.079710 0.006182
0.079876 0.006148
0.080043 0.006115
0.080209 0.006082
0.080375 0.006049
0.080541 0.006016
0.080708 0.005983
0.080874 0.005951
0.081040 0.005919
0.081207 0.005887
0.081373 0.005855
0.081539 0.005823
0.081705 0.005792
0.081872 0.005761
0.082038 0.005730
0.082204 0.005699
0.082371 0.005669
0.082537 0.005639
0.082703 0.005609
0.082869 0.005579
0.083036 0.005549
0.083202 0.005519
0.083368 0.005490
0.083535 0.005461
0.083701 0.005432
0.083867 0.005403
0.084033 0.005375
0.084200 0.005346
0.084366 0.005318
0.084532 0.005290
0.084699 0.005262
0.084865 0.005234
0.085031 0.005207
0.085197 0.005179
0.085364 0.005152
0.085530 0.005125
0.085696 0.005098
0.085863 0.005072
0.086029 0.005045
0.086195 0.005019
0.086361 0.004992
0.086528 0.004966
0.086694 0.004940
0.086860 0.004915
0.087027 0.004889
0.087193 0.004864
0.087359 0.004838
0.087525 0.004813
0.087692 0.004788
0.087858 0.004763
0.088024 0.004739
0.088191 0.004714
0.088357 0.004690
0.088523 0.004665
0.088689 0.004641
0.088856 0.004617
0.089022 0.004594
0.089188 0.004570
0.089354 0.004546
0.089521 0.004523
0.089687 0.004500
0.089853 0.004476
0.090020 0.004453
0.090186 0.004430
0.090352 0.004408
0.090518 0.004385
0.090685 0.004363
0.090851 0.004340
0.091017 0.004318
0.091184 0.004296
0.091350 0.004274
0.091516 0.004252
0.091682 0.004230
0.091849 0.004209
0.092015 0.004187
0.092181 0.004166
0.092348 0.004145
0.092514 0.004124
0.092680 0.004103
0.092846 0.004082
0.093013 0.004061
0.093179 0.004041
0.093345 0.004020
0.093512 0.004000
0.093678 0.003980
0.093844 0.003960
0.094010 0.003940
0.094177 0.003920
0.094343 0.003900
0.094509 0.003880
0.094676 0.003861
0.094842 0.003841
0.095008 0.003822
0.095174 0.003803
0.095341 0.003784
0.095507 0.003765
0.095673 0.003746
0.095840 0.003728
0.096006 0.003709
0.096172 0.003691
0.096338 0.003672
0.096505 0.003654
0.096671 0.003636
0.096837 0.003618
0.097004 0.003600
0.097170 0.003582
0.097336 0.003565
0.097502 0.003547
0.097669 0.003530
0.097835 0.003513
0.098001 0.003495
0.098168 0.003478
0.098334 0.003461
0.098500 0.003445
0.098666 0.003428
0.098833 0.003411
0.098999 0.003395
0.099165 0.003378
0.099332 0.003362
0.099498 0.003346
0.099664 0.003330
0.099830 0.003314
0.099997 0.003298
0.100163 0.003282
0.100329 0.003267
0.100496 0.003251
0.100662 0.003236
0.100828 0.003221
0.100994 0.003206
0.101161 0.003191
0.101327 0.003176
0.101493 0.003161
0.101660 0.003146
0.101826 0.003132
0.101992 0.003117
0.102158 0.003103
0.102325 0.003089
0.102491 0.003075
0.102657 0.003061
0.102824 0.003047
0.102990 0.003033
0.103156 0.003019
0.103322 0.003006
0.103489 0.002992
0.103655 0.002979
0.103821 0.002966
0.103988 0.002952
0.104154 0.002939
0.104320 0.002927
0.104486 0.002914
0.104653 0.002901
0.104819 0.002889
0.104985 0.002876
0.105152 0.002864
0.105318 0.002852
0.105484 0.002839
0.105650 0.002827
0.105817 0.002816
0.105983 0.002804
0.106149 0.002792
0.106316 0.002781
0.106482 0.002769
0.106648 0.002758
0.106814 0.002746
0.106981 0.002735
0.107147 0.002724
0.107313 0.002713
0.107480 0.002703
0.107646 0.002692
0.107812 0.002681
0.107978 0.002671
0.108145 0.002661
0.108311 0.002650
0.108477 0.002640
0.108644 0.002630
0.108810 0.002620
0.108976 0.002610
0.109142 0.002601
0.109309 0.002591
0.109475 0.002582
0.109641 0.002572
0.109808 0.002563
0.109974 0.002554
0.110140 0.002545
0.110306 0.002536
0.110473 0.002527
0.110639 0.002518
0.110805 0.002509
0.110972 0.002501
0.111138 0.002492
0.111304 0.002484
0.111470 0.002476
0.111637 0.002468
0.111803 0.002460
0.111969 0.002452
0.112136 0.002444
0.112302 0.002436
0.112468 0.002429
0.112634 0.002421
0.112801 0.002414
0.112967 0.002406
0.113133 0.002399
0.113300 0.002392
0.113466 0.002385
0.113632 0.002378
0.113798 0.002371
0.113965 0.002365
0.114131 0.002358
0.114297 0.002352
0.114464 0.002345
0.114630 0.002339
0.114796 0.002333
0.114962 0.002326
0.115129 0.002320
0.115295 0.002314
0.115461 0.002309
0.115628 0.002303
0.115794 0.002297
0.115960 0.002292
0.116126 0.002286
0.116293 0.002281
0.116459 0.002276
0.116625 0.002270
0.116791 0.002265
0.116958 0.002260
0.117124 0.002255
0.117290 0.002250
0.117457 0.002246
0.117623 0.002241
0.117789 0.002237
0.117955 0.002232
0.118122 0.002228
0.118288 0.002223
0.118454 0.002219
0.118621 0.002215
0.118787 0.002211
0.118953 0.002207
0.119119 0.002203
0.119286 0.002199
0.119452 0.002196
0.119618 0.002192
0.119785 0.002188
0.119951 0.002185
0.120117 0.002181
0.120283 0.002178
0.120450 0.002175
0.120616 0.002172
0.120782 0.002169
0.120949 0.002166
0.121115 0.002163
0.121281 0.002160
0.121447 0.002157
0.121614 0.002154
0.121780 0.002152
0.121946 0.002149
0.122113 0.002147
0.122279 0.002144
0.122445 0.002142
0.122611 0.002139
0.122778 0.002137
0.122944 0.002135
0.123110 0.002133
0.123277 0.002131
0.123443 0.002129
0.123609 0.002127
0.123775 0.002125
0.123942 0.002123
0.124108 0.002122
0.124274 0.002120
0.124441 0.002119
0.124607 0.002117
0.124773 0.002116
0.124939 0.002114
0.125106 0.002113
0.125272 0.002112
0.125438 0.002110
0.125605 0.002109
0.125771 0.002108
0.125937 0.002107
0.126103 0.002106
0.126270 0.002105
0.126436 0.002104
0.126602 0.002103
0.126769 0.002102
0.126935 0.002102
0.127101 0.002101
0.127267 0.002100
0.127434 0.002100
0.127600 0.002099
0.127766 0.002099
0.127933 0.002098
0.128099 0.002098
0.128265 0.002098
0.128431 0.002097
0.128598 0.002097
0.128764 0.002097
0.128930 0.002096
0.129097 0.002096
0.129263 0.002096
0.129429 0.002096
0.129595 0.002096
0.129762 0.002096
0.129928 0.002096
0.130094 0.002096
0.130261 0.002096
0.130427 0.002096
0.130593 0.002097
0.130759 0.002097
0.130926 0.002097
0.131092 0.002097
0.131258 0.002098
0.131425 0.002098
0.131591 0.002098
0.131757 0.002099
0.131923 0.002099
0.132090 0.002100
0.132256 0.002100
0.132422 0.002101
0.132589 0.002101
0.132755 0.002102
0.132921 0.002102
0.133087 0.002103
0.133254 0.002104
0.133420 0.002104
0.133586 0.002105
0.133753 0.002106
0.133919 0.002107
0.134085 0.002107
0.134251 0.002108
0.134418 0.002109
0.134584 0.002110
0.134750 0.002110
0.134917 0.002111
0.135083 0.002112
0.135249 0.002113
0.135415 0.002114
0.135582 0.002115
0.135748 0.002116
0.135914 0.002117
0.136081 0.002118
0.136247 0.002119
0.136413 0.002120
0.136579 0.002121
0.136746 0.002122
0.136912 0.002123
0.137078 0.002124
0.137245 0.002125
0.137411 0.002126
0.137577 0.002127
0.137743 0.002128
0.137910 0.002129
0.138076 0.002130
0.138242 0.002131
0.138409 0.002132
0.138575 0.002133
0.138741 0.002134
0.138907 0.002135
0.139074 0.002136
0.139240 0.002137
0.139406 0.002138
0.139573 0.002140
0.139739 0.002141
0.139905 0.002142
0.140071 0.002143
0.140238 0.002144
0.140404 0.002145
0.140570 0.002146
0.140737 0.002147
0.140903 0.002148
0.141069 0.002149
0.141235 0.002150
0.141402 0.002151
0.141568 0.002153
0.141734 0.002154
0.141901 0.002155
0.142067 0.002156
0.142233 0.002157
0.142399 0.002158
0.142566 0.002159
0.142732 0.002160
0.142898 0.002161
0.143064 0.002162
0.143231 0.002163
0.143397 0.002164
0.143563 0.002165
0.143730 0.002166
0.143896 0.002167
0.144062 0.002168
0.144228 0.002169
0.144395 0.002170
0.144561 0.002171
0.144727 0.002172
0.144894 0.002173
0.145060 0.002174
0.145226 0.002174
0.145392 0.002175
0.145559 0.002176
0.145725 0.002177
0.145891 0.002178
0.146058 0.002179
0.146224 0.002180
0.146390 0.002180
0.146556 0.002181
0.146723 0.002182
0.146889 0.002183
0.147055 0.002183
0.147222 0.002184
0.147388 0.002185
0.147554 0.002186
0.147720 0.002186
0.147887 0.002187
0.148053 0.002188
0.148219 0.002188
0.148386 0.002189
0.148552 0.002190
0.148718 0.002190
0.148884 0.002191
0.149051 0.002191
0.149217 0.002192
0.149383 0.002192
0.149550 0.002193
0.149716 0.002193
0.149882 0.002194
0.150048 0.002194
0.150215 0.002195
0.150381 0.002195
0.150547 0.002196
0.150714 0.002196
0.150880 0.002196
0.151046 0.002197
0.151212 0.002197
0.151379 0.002197
0.151545 0.002198
0.151711 0.002198
0.151878 0.002198
0.152044 0.002198
0.152210 0.002199
0.152376 0.002199
0.152543 0.002199
0.152709 0.002199
0.152875 0.002199
0.153042 0.002200
0.153208 0.002200
0.153374 0.002200
0.153540 0.002200
0.153707 0.002200
0.153873 0.002200
0.154039 0.002200
0.154206 0.002200
0.154372 0.002200
0.154538 0.002200
0.154704 0.002200
0.154871 0.002200
0.155037 0.002199
0.155203 0.002199
0.155370 0.002199
0.155536 0.002199
0.155702 0.002199
0.155868 0.002199
0.156035 0.002198
0.156201 0.002198
0.156367 0.002198
0.156534 0.002198
0.156700 0.002197
0.156866 0.002197
0.157032 0.002197
0.157199 0.002196
0.157365 0.002196
0.157531 0.002195
0.157698 0.002195
0.157864 0.002195
0.158030 0.002194
0.158196 0.002194
0.158363 0.002193
0.158529 0.002193
0.158695 0.002192
0.158862 0.002191
0.159028 0.002191
0.159194 0.002190
0.159360 0.002190
0.159527 0.002189
0.159693 0.002188
0.159859 0.002188
0.160026 0.002187
0.160192 0.002186
0.160358 0.002185
0.160524 0.002185
0.160691 0.002184
0.160857 0.002183
0.161023 0.002182
0.161190 0.002181
0.161356 0.002181
0.161522 0.002180
0.161688 0.002179
0.161855 0.002178
0.162021 0.002177
0.162187 0.002176
0.162354 0.002175
0.162520 0.002174
0.162686 0.002173
0.162852 0.002172
0.163019 0.002171
0.163185 0.002170
0.163351 0.002169
0.163518 0.002168
0.163684 0.002167
0.163850 0.002165
0.164016 0.002164
0.164183 0.002163
0.164349 0.002162
0.164515 0.002161
0.164682 0.002160
0.164848 0.002158
0.165014 0.002157
0.165180 0.002156
0.165347 0.002155
0.165513 0.002153
0.165679 0.002152
0.165846 0.002151
0.166012 0.002149
0.166178 0.002148
0.166344 0.002146
0.166511 0.002145
0.166677 0.002144
0.166843 0.002142
0.167010 0.002141
0.167176 0.002139
0.167342 0.002138
0.167508 0.002136
0.167675 0.002135
0.167841 0.002133
0.168007 0.002132
0.168174 0.002130
0.168340 0.002129
0.168506 0.002127
0.168672 0.002125
0.168839 0.002124
0.169005 0.002122
0.169171 0.002120
0.169337 0.002119
0.169504 0.002117
0.169670 0.002115
0.169836 0.002114
0.170003 0.002112
0.170169 0.002110
0.170335 0.002108
0.170501 0.002107
0.170668 0.002105
0.170834 0.002103
0.171000 0.002101
0.171167 0.002099
0.171333 0.002098
0.171499 0.002096
0.171665 0.002094
0.171832 0.002092
0.171998 0.002090
0.172164 0.002088
0.172331 0.002086
0.172497 0.002084
0.172663 0.002082
0.172829 0.002080
0.172996 0.002078
0.173162 0.002076
0.173328 0.002074
0.173495 0.002072
0.173661 0.002070
0.173827 0.002068
0.173993 0.002066
0.174160 0.002064
0.174326 0.002062
0.174492 0.002060
0.174659 0.002058
0.174825 0.002056
0.174991 0.002054
0.175157 0.002052
0.175324 0.002050
0.175490 0.002047
0.175656 0.002045
0.175823 0.002043
0.175989 0.002041
0.176155 0.002039
0.176321 0.002036
0.176488 0.002034
0.176654 0.002032
0.176820 0.002030
0.176987 0.002027
0.177153 0.002025
0.177319 0.002023
0.177485 0.002021
0.177652 0.002018
0.177818 0.002016
0.177984 0.002014
0.178151 0.002011
0.178317 0.002009
0.178483 0.002007
0.178649 0.002004
0.178816 0.002002
0.178982 0.002000
0.179148 0.001997
0.179315 0.001995
0.179481 0.001992
0.179647 0.001990
0.179813 0.001988
0.179980 0.001985
0.180146 0.001983
0.180312 0.001980
0.180479 0.001978
0.180645 0.001975
0.180811 0.001973
0.180977 0.001970
0.181144 0.001968
0.181310 0.001965
0.181476 0.001963
0.181643 0.001960
0.181809 0.001958
0.181975 0.001955
0.182141 0.001953
0.182308 0.001950
0.182474 0.001947
0.182640 0.001945
0.182807 0.001942
0.182973 0.001940
0.183139 0.001937
0.183305 0.001934
0.183472 0.001932
0.183638 0.001929
0.183804 0.001927
0.183971 0.001924
0.184137 0.001921
0.184303 0.001919
0.184469 0.001916
0.184636 0.001913
0.184802 0.001911
0.184968 0.001908
0.185135 0.001905
0.185301 0.001902
0.185467 0.001900
0.185633 0.001897
0.185800 0.001894
0.185966 0.001892
0.186132 0.001889
0.186299 0.001886
0.186465 0.001883
0.186631 0.001881
0.186797 0.001878
0.186964 0.001875
0.187130 0.001872
0.187296 0.001869
0.187463 0.001867
0.187629 0.001864
0.187795 0.001861
0.187961 0.001858
0.188128 0.001855
0.188294 0.001853
0.188460 0.001850
0.188627 0.001847
0.188793 0.001844
0.188959 0.001841
0.189125 0.001838
0.189292 0.001836
0.189458 0.001833
0.189624 0.001830
0.189791 0.001827
0.189957 0.001824
0.190123 0.001821
0.190289 0.001818
0.190456 0.001816
0.190622 0.001813
0.190788 0.001810
0.190955 0.001807
0.191121 0.001804
0.191287 0.001801
0.191453 0.001798
0.191620 0.001795
0.191786 0.001792
0.191952 0.001789
0.192119 0.001786
0.192285 0.001783
0.192451 0.001780
0.192617 0.001778
0.192784 0.001775
0.192950 0.001772
0.193116 0.001769
0.193283 0.001766
0.193449 0.001763
0.193615 0.001760
0.193781 0.001757
0.193948 0.001754
0.194114 0.001751
0.194280 0.001748
0.194447 0.001745
0.194613 0.001742
0.194779 0.001739
0.194945 0.001736
0.195112 0.001733
0.195278 0.001730
0.195444 0.001727
0.195610 0.001724
0.195777 0.001721
0.195943 0.001718
0.196109 0.001715
0.196276 0.001712
0.196442 0.001709
0.196608 0.001706
0.196774 0.001703
0.196941 0.001700
0.197107 0.001697
0.197273 0.001694
0.197440 0.001691
0.197606 0.001688
0.197772 0.001685
0.197938 0.001682
0.198105 0.001679
0.198271 0.001676
0.198437 0.001673
0.198604 0.001669
0.198770 0.001666
0.198936 0.001663
0.199102 0.001660
0.199269 0.001657
0.199435 0.001654
0.199601 0.001651
0.199768 0.001648
0.199934 0.001645
0.200100 0.001642
0.200266 0.001639
0.200433 0.001636
0.200599 0.001633
0.200765 0.001630
0.200932 0.001627
0.201098 0.001624
0.201264 0.001621
0.201430 0.001618
0.201597 0.001615
0.201763 0.001612
0.201929 0.001609
0.202096 0.001606
0.202262 0.001603
0.202428 0.001600
0.202594 0.001596
0.202761 0.001593
0.202927 0.001590
0.203093 0.001587
0.203260 0.001584
0.203426 0.001581
0.203592 0.001578
0.203758 0.001575
0.203925 0.001572
0.204091 0.001569
0.204257 0.001566
0.204424 0.001563
0.204590 0.001560
0.204756 0.001557
0.204922 0.001554
0.205089 0.001551
0.205255 0.001548
0.205421 0.001545
0.205588 0.001542
0.205754 0.001539
0.205920 0.001536
0.206086 0.001533
0.206253 0.001530
0.206419 0.001527
0.206585 0.001524
0.206752 0.001521
0.206918 0.001518
0.207084 0.001515
0.207250 0.001512
0.207417 0.001509
0.207583 0.001506
0.207749 0.001503
0.207916 0.001500
0.208082 0.001497
0.208248 0.001494
0.208414 0.001491
0.208581 0.001488
0.208747 0.001486
0.208913 0.001483
0.209080 0.001480
0.209246 0.001477
0.209412 0.001474
0.209578 0.001471
0.209745 0.001468
0.209911 0.001465
0.210077 0.001462
0.210244 0.001459
0.210410 0.001456
0.210576 0.001453
0.210742 0.001450
0.210909 0.001448
0.211075 0.001445
0.211241 0.001442
0.211408 0.001439
0.211574 0.001436
0.211740 0.001433
0.211906 0.001430
0.212073 0.001428
0.212239 0.001425
0.212405 0.001422
0.212572 0.001419
0.212738 0.001416
0.212904 0.001413
0.213070 0.001411
0.213237 0.001408
0.213403 0.001405
0.213569 0.001402
0.213736 0.001399
0.213902 0.001397
0.214068 0.001394
0.214234 0.001391
0.214401 0.001388
0.214567 0.001385
0.214733 0.001383
0.214900 0.001380
0.215066 0.001377
0.215232 0.001375
0.215398 0.001372
0.215565 0.001369
0.215731 0.001366
0.215897 0.001364
0.216064 0.001361
0.216230 0.001358
0.216396 0.001356
0.216562 0.001353
0.216729 0.001350
0.216895 0.001348
0.217061 0.001345
0.217228 0.001342
0.217394 0.001340
0.217560 0.001337
0.217726 0.001334
0.217893 0.001332
0.218059 0.001329
0.218225 0.001327
0.218392 0.001324
0.218558 0.001321
0.218724 0.001319
0.218890 0.001316
0.219057 0.001314
0.219223 0.001311
0.219389 0.001309
0.219556 0.001306
0.219722 0.001303
0.219888 0.001301
0.220054 0.001298
0.220221 0.001296
0.220387 0.001293
0.220553 0.001291
0.220720 0.001288
0.220886 0.001286
0.221052 0.001283
0.221218 0.001281
0.221385 0.001279
0.221551 0.001276
0.221717 0.001274
0.221883 0.001271
0.222050 0.001269
0.222216 0.001266
0.222382 0.001264
0.222549 0.001262
0.222715 0.001259
0.222881 0.001257
0.223047 0.001255
0.223214 0.001252
0.223380 0.001250
0.223546 0.001248
0.223713 0.001245
0.223879 0.001243
0.224045 0.001241
0.224211 0.001238
0.224378 0.001236
0.224544 0.001234
0.224710 0.001231
0.224877 0.001229
0.225043 0.001227
0.225209 0.001225
0.225375 0.001222
0.225542 0.001220
0.225708 0.001218
0.225874 0.001216
0.226041 0.001214
0.226207 0.001211
0.226373 0.001209
0.226539 0.001207
0.226706 0.001205
0.226872 0.001203
0.227038 0.001201
0.227205 0.001198
0.227371 0.001196
0.227537 0.001194
0.227703 0.001192
0.227870 0.001190
0.228036 0.001188
0.228202 0.001186
0.228369 0.001184
0.228535 0.001182
0.228701 0.001180
0.228867 0.001178
0.229034 0.001176
0.229200 0.001174
0.229366 0.001172
0.229533 0.001170
0.229699 0.001168
0.229865 0.001166
0.230031 0.001164
0.230198 0.001162
0.230364 0.001160
0.230530 0.001158
0.230697 0.001156
0.230863 0.001154
0.231029 0.001152
0.231195 0.001150
0.231362 0.001148
0.231528 0.001146
0.231694 0.001145
0.231861 0.001143
0.232027 0.001141
0.232193 0.001139
0.232359 0.001137
0.232526 0.001135
0.232692 0.001133
0.232858 0.001132
0.233025 0.001130
0.233191 0.001128
0.233357 0.001126
0.233523 0.001125
0.233690 0.001123
0.233856 0.001121
0.234022 0.001119
0.234189 0.001118
0.234355 0.001116
0.234521 0.001114
0.234687 0.001112
0.234854 0.001111
0.235020 0.001109
0.235186 0.001107
0.235353 0.001106
0.235519 0.001104
0.235685 0.001102
0.235851 0.001101
0.236018 0.001099
0.236184 0.001098
0.236350 0.001096
0.236517 0.001094
0.236683 0.001093
0.236849 0.001091
0.237015 0.001090
0.237182 0.001088
0.237348 0.001087
0.237514 0.001085
0.237681 0.001083
0.237847 0.001082
0.238013 0.001080
0.238179 0.001079
0.238346 0.001077
0.238512 0.001076
0.238678 0.001074
0.238845 0.001073
0.239011 0.001072
0.239177 0.001070
0.239343 0.001069
0.239510 0.001067
0.239676 0.001066
0.239842 0.001064
0.240009 0.001063
0.240175 0.001062
0.240341 0.001060
0.240507 0.001059
0.240674 0.001058
0.240840 0.001056
0.241006 0.001055
0.241173 0.001053
0.241339 0.001052
0.241505 0.001051
0.241671 0.001050
0.241838 0.001048
0.242004 0.001047
0.242170 0.001046
0.242337 0.001044
0.242503 0.001043
0.242669 0.001042
0.242835 0.001041
0.243002 0.001039
0.243168 0.001038
0.243334 0.001037
0.243501 0.001036
0.243667 0.001034
0.243833 0.001033
0.243999 0.001032
0.244166 0.001031
0.244332 0.001030
0.244498 0.001029
0.244665 0.001027
0.244831 0.001026
0.244997 0.001025
0.245163 0.001024
0.245330 0.001023
0.245496 0.001022
0.245662 0.001021
0.245829 0.001020
0.245995 0.001019
0.246161 0.001017
0.246327 0.001016
0.246494 0.001015
0.246660 0.001014
0.246826 0.001013
0.246993 0.001012
0.247159 0.001011
0.247325 0.001010
0.247491 0.001009
0.247658 0.001008
0.247824 0.001007
0.247990 0.001006
0.248157 0.001005
0.248323 0.001004
0.248489 0.001003
0.248655 0.001002
0.248822 0.001001
0.248988 0.001000
0.249154 0.001000
0.249320 0.000999
0.249487 0.000998
0.249653 0.000997
0.249819 0.000996
0.249986 0.000995
0.250152 0.000994
0.250318 0.000993
0.250484 0.000992
0.250651 0.000992
0.250817 0.000991
0.250983 0.000990
0.251150 0.000989
0.251316 0.000988
0.251482 0.000987
0.251648 0.000987
0.251815 0.000986
0.251981 0.000985
0.252147 0.000984
0.252314 0.000983
0.252480 0.000983
0.252646 0.000982
0.252812 0.000981
0.252979 0.000980
0.253145 0.000980
0.253311 0.000979
0.253478 0.000978
0.253644 0.000977
0.253810 0.000977
0.253976 0.000976
0.254143 0.000975
0.254309 0.000975
0.254475 0.000974
0.254642 0.000973
0.254808 0.000972
0.254974 0.000972
0.255140 0.000971
0.255307 0.000970
0.255473 0.000970
0.255639 0.000969
0.255806 0.000969
0.255972 0.000968
0.256138 0.000967
0.256304 0.000967
0.256471 0.000966
0.256637 0.000965
0.256803 0.000965
0.256970 0.000964
0.257136 0.000964
0.257302 0.000963
0.257468 0.000963
0.257635 0.000962
0.257801 0.000961
0.257967 0.000961
0.258134 0.000960
0.258300 0.000960
0.258466 0.000959
0.258632 0.000959
0.258799 0.000958
0.258965 0.000958
0.259131 0.000957
0.259298 0.000957
0.259464 0.000956
0.259630 0.000956
0.259796 0.000955
0.259963 0.000955
0.260129 0.000954
0.260295 0.000954
0.260462 0.000953
0.260628 0.000953
0.260794 0.000953
0.260960 0.000952
0.261127 0.000952
0.261293 0.000951
0.261459 0.000951
0.261626 0.000950
0.261792 0.000950
0.261958 0.000950
0.262124 0.000949
0.262291 0.000949
0.262457 0.000948
0.262623 0.000948
0.262790 0.000948
0.262956 0.000947
0.263122 0.000947
0.263288 0.000947
0.263455 0.000946
0.263621 0.000946
0.263787 0.000946
0.263954 0.000945
0.264120 0.000945
0.264286 0.000945
0.264452 0.000944
0.264619 0.000944
0.264785 0.000944
0.264951 0.000943
0.265118 0.000943
0.265284 0.000943
0.265450 0.000942
0.265616 0.000942
0.265783 0.000942
0.265949 0.000942
0.266115 0.000941
0.266282 0.000941
0.266448 0.000941
0.266614 0.000941
0.266780 0.000940
0.266947 0.000940
0.267113 0.000940
0.267279 0.000940
0.267446 0.000939
0.267612 0.000939
0.267778 0.000939
0.267944 0.000939
0.268111 0.000938
0.268277 0.000938
0.268443 0.000938
0.268610 0.000938
0.268776 0.000938
0.268942 0.000937
0.269108 0.000937
0.269275 0.000937
0.269441 0.000937
0.269607 0.000937
0.269774 0.000937
0.269940 0.000936
0.270106 0.000936
0.270272 0.000936
0.270439 0.000936
0.270605 0.000936
0.270771 0.000936
0.270938 0.000935
0.271104 0.000935
0.271270 0.000935
0.271436 0.000935
0.271603 0.000935
0.271769 0.000935
0.271935 0.000935
0.272102 0.000935
0.272268 0.000934
0.272434 0.000934
0.272600 0.000934
0.272767 0.000934
0.272933 0.000934
0.273099 0.000934
0.273266 0.000934
0.273432 0.000934
0.273598 0.000934
0.273764 0.000934
0.273931 0.000934
0.274097 0.000933
0.274263 0.000933
0.274430 0.000933
0.274596 0.000933
0.274762 0.000933
0.274928 0.000933
0.275095 0.000933
0.275261 0.000933
0.275427 0.000933
0.275593 0.000933
0.275760 0.000933
0.275926 0.000933
0.276092 0.000933
0.276259 0.000933
0.276425 0.000933
0.276591 0.000933
0.276757 0.000933
0.276924 0.000933
0.277090 0.000933
0.277256 0.000933
0.277423 0.000933
0.277589 0.000933
0.277755 0.000933
0.277921 0.000933
0.278088 0.000933
0.278254 0.000933
0.278420 0.000933
0.278587 0.000933
0.278753 0.000933
0.278919 0.000933
0.279085 0.000933
0.279252 0.000933
0.279418 0.000933
0.279584 0.000933
0.279751 0.000933
0.279917 0.000933
0.280083 0.000933
0.280249 0.000933
0.280416 0.000933
0.280582 0.000933
0.280748 0.000933
0.280915 0.000933
0.281081 0.000933
0.281247 0.000933
0.281413 0.000933
0.281580 0.000933
0.281746 0.000933
0.281912 0.000933
0.282079 0.000933
0.282245 0.000933
0.282411 0.000933
0.282577 0.000933
0.282744 0.000933
0.282910 0.000933
0.283076 0.000933
0.283243 0.000933
0.283409 0.000933
0.283575 0.000933
0.283741 0.000934
0.283908 0.000934
0.284074 0.000934
0.284240 0.000934
0.284407 0.000934
0.284573 0.000934
0.284739 0.000934
0.284905 0.000934
0.285072 0.000934
0.285238 0.000934
0.285404 0.000934
0.285571 0.000934
0.285737 0.000934
0.285903 0.000934
0.286069 0.000934
0.286236 0.000935
0.286402 0.000935
0.286568 0.000935
0.286735 0.000935
0.286901 0.000935
0.287067 0.000935
0.287233 0.000935
0.287400 0.000935
0.287566 0.000935
0.287732 0.000935
0.287899 0.000935
0.288065 0.000935
0.288231 0.000935
0.288397 0.000936
0.288564 0.000936
0.288730 0.000936
0.288896 0.000936
0.289063 0.000936
0.289229 0.000936
0.289395 0.000936
0.289561 0.000936
0.289728 0.000936
0.289894 0.000936
0.290060 0.000936
0.290227 0.000937
0.290393 0.000937
0.290559 0.000937
0.290725 0.000937
0.290892 0.000937
0.291058 0.000937
0.291224 0.000937
0.291391 0.000937
0.291557 0.000937
0.291723 0.000937
0.291889 0.000937
0.292056 0.000937
0.292222 0.000938
0.292388 0.000938
0.292555 0.000938
0.292721 0.000938
0.292887 0.000938
0.293053 0.000938
0.293220 0.000938
0.293386 0.000938
0.293552 0.000938
0.293719 0.000938
0.293885 0.000938
0.294051 0.000939
0.294217 0.000939
0.294384 0.000939
0.294550 0.000939
0.294716 0.000939
0.294883 0.000939
0.295049 0.000939
0.295215 0.000939
0.295381 0.000939
0.295548 0.000939
0.295714 0.000939
0.295880 0.000939
0.296047 0.000940
0.296213 0.000940
0.296379 0.000940
0.296545 0.000940
0.296712 0.000940
0.296878 0.000940
0.297044 0.000940
0.297211 0.000940
0.297377 0.000940
0.297543 0.000940
0.297709 0.000940
0.297876 0.000940
0.298042 0.000941
0.298208 0.000941
0.298375 0.000941
0.298541 0.000941
0.298707 0.000941
0.298873 0.000941
0.299040 0.000941
0.299206 0.000941
0.299372 0.000941
0.299539 0.000941
0.299705 0.000941
0.299871 0.000941
0.300037 0.000941
0.300204 0.000941
0.300370 0.000942
0.300536 0.000942
0.300703 0.000942
0.300869 0.000942
0.301035 0.000942
0.301201 0.000942
0.301368 0.000942
0.301534 0.000942
0.301700 0.000942
0.301866 0.000942
0.302033 0.000942
0.302199 0.000942
0.302365 0.000942
0.302532 0.000942
0.302698 0.000942
0.302864 0.000942
0.303030 0.000943
0.303197 0.000943
0.303363 0.000943
0.303529 0.000943
0.303696 0.000943
0.303862 0.000943
0.304028 0.000943
0.304194 0.000943
0.304361 0.000943
0.304527 0.000943
0.304693 0.000943
0.304860 0.000943
0.305026 0.000943
0.305192 0.000943
0.305358 0.000943
0.305525 0.000943
0.305691 0.000943
0.305857 0.000943
0.306024 0.000943
0.306190 0.000943
0.306356 0.000943
0.306522 0.000943
0.306689 0.000944
0.306855 0.000944
0.307021 0.000944
0.307188 0.000944
0.307354 0.000944
0.307520 0.000944
0.307686 0.000944
0.307853 0.000944
0.308019 0.000944
0.308185 0.000944
0.308352 0.000944
0.308518 0.000944
0.308684 0.000944
0.308850 0.000944
0.309017 0.000944
0.309183 0.000944
0.309349 0.000944
0.309516 0.000944
0.309682 0.000944
0.309848 0.000944
0.310014 0.000944
0.310181 0.000944
0.310347 0.000944
0.310513 0.000944
0.310680 0.000944
0.310846 0.000944
0.311012 0.000944
0.311178 0.000944
0.311345 0.000944
0.311511 0.000944
0.311677 0.000944
0.311844 0.000944
0.312010 0.000944
0.312176 0.000944
0.312342 0.000944
0.312509 0.000944
0.312675 0.000944
0.312841 0.000944
0.313008 0.000944
0.313174 0.000944
0.313340 0.000944
0.313506 0.000944
0.313673 0.000944
0.313839 0.000944
0.314005 0.000944
0.314172 0.000944
0.314338 0.000944
0.314504 0.000944
0.314670 0.000944
0.314837 0.000944
0.315003 0.000944
0.315169 0.000944
0.315336 0.000944
0.315502 0.000944
0.315668 0.000944
0.315834 0.000944
0.316001 0.000944
0.316167 0.000944
0.316333 0.000944
0.316500 0.000944
0.316666 0.000944
0.316832 0.000944
0.316998 0.000944
0.317165 0.000944
0.317331 0.000944
0.317497 0.000944
0.317664 0.000944
0.317830 0.000944
0.317996 0.000944
0.318162 0.000943
0.318329 0.000943
0.318495 0.000943
0.318661 0.000943
0.318828 0.000943
0.318994 0.000943
0.319160 0.000943
0.319326 0.000943
0.319493 0.000943
0.319659 0.000943
0.319825 0.000943
0.319992 0.000943
0.320158 0.000943
0.320324 0.000943
0.320490 0.000943
0.320657 0.000943
0.320823 0.000943
0.320989 0.000943
0.321156 0.000943
0.321322 0.000943
0.321488 0.000943
0.321654 0.000943
0.321821 0.000943
0.321987 0.000943
0.322153 0.000942
0.322320 0.000942
0.322486 0.000942
0.322652 0.000942
0.322818 0.000942
0.322985 0.000942
0.323151 0.000942
0.323317 0.000942
0.323484 0.000942
0.323650 0.000942
0.323816 0.000942
0.323982 0.000942
0.324149 0.000942
0.324315 0.000942
0.324481 0.000942
0.324648 0.000942
0.324814 0.000942
0.324980 0.000941
0.325146 0.000941
0.325313 0.000941
0.325479 0.000941
0.325645 0.000941
0.325812 0.000941
0.325978 0.000941
0.326144 0.000941
0.326310 0.000941
0.326477 0.000941
0.326643 0.000941
0.326809 0.000941
0.326976 0.000941
0.327142 0.000941
0.327308 0.000940
0.327474 0.000940
0.327641 0.000940
0.327807 0.000940
0.327973 0.000940
0.328139 0.000940
0.328306 0.000940
0.328472 0.000940
0.328638 0.000940
0.328805 0.000940
0.328971 0.000940
0.329137 0.000940
0.329303 0.000940
0.329470 0.000939
0.329636 0.000939
0.329802 0.000939
0.329969 0.000939
0.330135 0.000939
0.330301 0.000939
0.330467 0.000939
0.330634 0.000939
0.330800 0.000939
0.330966 0.000939
0.331133 0.000939
0.331299 0.000939
0.331465 0.000938
0.331631 0.000938
0.331798 0.000938
0.331964 0.000938
0.332130 0.000938
0.332297 0.000938
0.332463 0.000938
0.332629 0.000938
0.332795 0.000938
0.332962 0.000938
0.333128 0.000938
0.333294 0.000937
0.333461 0.000937
0.333627 0.000937
0.333793 0.000937
0.333959 0.000937
0.334126 0.000937
0.334292 0.000937
0.334458 0.000937
0.334625 0.000937
0.334791 0.000937
0.334957 0.000936
0.335123 0.000936
0.335290 0.000936
0.335456 0.000936
0.335622 0.000936
0.335789 0.000936
0.335955 0.000936
0.336121 0.000936
0.336287 0.000936
0.336454 0.000936
0.336620 0.000936
0.336786 0.000935
0.336953 0.000935
0.337119 0.000935
0.337285 0.000935
0.337451 0.000935
0.337618 0.000935
0.337784 0.000935
0.337950 0.000935
0.338117 0.000935
0.338283 0.000934
0.338449 0.000934
0.338615 0.000934
0.338782 0.000934
0.338948 0.000934
