# q I_fit
# reduced chi-square = 4.76
0.006545 0.021668
0.006711 0.021643
0.006877 0.021619
0.007044 0.021593
0.007210 0.021567
0.007376 0.021540
0.007542 0.021513
0.007709 0.021485
0.007875 0.021457
0.008041 0.021428
0.008208 0.021399
0.008374 0.021369
0.008540 0.021338
0.008706 0.021307
0.008873 0.021275
0.009039 0.021243
0.009205 0.021210
0.009372 0.021177
0.009538 0.021143
0.009704 0.021108
0.009870 0.021073
0.010037 0.021038
0.010203 0.021002
0.010369 0.020965
0.010535 0.020928
0.010702 0.020891
0.010868 0.020853
0.011034 0.020814
0.011201 0.020775
0.011367 0.020736
0.011533 0.020696
0.011699 0.020655
0.011866 0.020614
0.012032 0.020572
0.012198 0.020530
0.012365 0.020488
0.012531 0.020445
0.012697 0.020401
0.012863 0.020357
0.013030 0.020313
0.013196 0.020268
0.013362 0.020223
0.013529 0.020177
0.013695 0.020131
0.013861 0.020084
0.014027 0.020037
0.014194 0.019989
0.014360 0.019941
0.014526 0.019893
0.014693 0.019844
0.014859 0.019795
0.015025 0.019745
0.015191 0.019695
0.015358 0.019644
0.015524 0.019593
0.015690 0.019542
0.015857 0.019490
0.016023 0.019438
0.016189 0.019386
0.016355 0.019333
0.016522 0.019279
0.016688 0.019226
0.016854 0.019172
0.017021 0.019117
0.017187 0.019063
0.017353 0.019008
0.017519 0.018952
0.017686 0.018896
0.017852 0.018840
0.018018 0.018784
0.018185 0.018727
0.018351 0.018670
0.018517 0.018612
0.018683 0.018554
0.018850 0.018496
0.019016 0.018438
0.019182 0.018379
0.019349 0.018320
0.019515 0.018261
0.019681 0.018201
0.019847 0.018141
0.020014 0.018081
0.020180 0.018021
0.020346 0.017960
0.020513 0.017899
0.020679 0.017838
0.020845 0.017776
0.021011 0.017714
0.021178 0.017652
0.021344 0.017590
0.021510 0.017528
0.021677 0.017465
0.021843 0.017402
0.022009 0.017339
0.022175 0.017275
0.022342 0.017212
0.022508 0.017148
0.022674 0.017084
0.022841 0.017020
0.023007 0.016955
0.023173 0.016891
0.023339 0.016826
0.023506 0.016761
0.023672 0.016696
0.023838 0.016630
0.024005 0.016565
0.024171 0.016499
0.024337 0.016434
0.024503 0.016368
0.024670 0.016302
0.024836 0.016235
0.025002 0.016169
0.025169 0.016102
0.025335 0.016036
0.025501 0.015969
0.025667 0.015902
0.025834 0.015835
0.026000 0.015768
0.026166 0.015701
0.026333 0.015634
0.026499 0.015566
0.026665 0.015499
0.026831 0.015431
0.026998 0.015364
0.027164 0.015296
0.027330 0.015228
0.027497 0.015161
0.027663 0.015093
0.027829 0.015025
0.027995 0.014957
0.028162 0.014889
0.028328 0.014821
0.028494 0.014753
0.028661 0.014685
0.028827 0.014616
0.028993 0.014548
0.029159 0.014480
0.029326 0.014412
0.029492 0.014344
0.029658 0.014275
0.029825 0.014207
0.029991 0.014139
0.030157 0.014071
0.030323 0.014003
0.030490 0.013934
0.030656 0.013866
0.030822 0.013798
0.030989 0.013730
0.031155 0.013662
0.031321 0.013594
0.031487 0.013526
0.031654 0.013458
0.031820 0.013390
0.031986 0.013322
0.032153 0.013255
0.032319 0.013187
0.032485 0.013119
0.032651 0.013052
0.032818 0.012984
0.032984 0.012917
0.033150 0.012850
0.033317 0.012782
0.033483 0.012715
0.033649 0.012648
0.033815 0.012581
0.033982 0.012515
0.034148 0.012448
0.034314 0.012381
0.034481 0.012315
0.034647 0.012248
0.034813 0.012182
0.034979 0.012116
0.035146 0.012050
0.035312 0.011984
0.035478 0.011918
0.035645 0.011853
0.035811 0.011787
0.035977 0.011722
0.036143 0.011657
0.036310 0.011592
0.036476 0.011527
0.036642 0.011462
0.036808 0.011398
0.036975 0.011333
0.037141 0.011269
0.037307 0.011205
0.037474 0.011141
0.037640 0.011078
0.037806 0.011014
0.037972 0.010951
0.038139 0.010888
0.038305 0.010825
0.038471 0.010762
0.038638 0.010700
0.038804 0.010637
0.038970 0.010575
0.039136 0.010513
0.039303 0.010451
0.039469 0.010390
0.039635 0.010329
0.039802 0.010268
0.039968 0.010207
0.040134 0.010146
0.040300 0.010086
0.040467 0.010025
0.040633 0.009965
0.040799 0.009906
0.040966 0.009846
0.041132 0.009787
0.041298 0.009728
0.041464 0.009669
0.041631 0.009610
0.041797 0.009552
0.041963 0.009494
0.042130 0.009436
0.042296 0.009378
0.042462 0.009321
0.042628 0.009264
0.042795 0.009207
0.042961 0.009150
0.043127 0.009094
0.043294 0.009038
0.043460 0.008982
0.043626 0.008926
0.043792 0.008871
0.043959 0.008816
0.044125 0.008761
0.044291 0.008707
0.044458 0.008652
0.044624 0.008598
0.044790 0.008545
0.044956 0.008491
0.045123 0.008438
0.045289 0.008385
0.045455 0.008332
0.045622 0.008280
0.045788 0.008228
0.045954 0.008176
0.046120 0.008125
0.046287 0.008073
0.046453 0.008022
0.046619 0.007972
0.046786 0.007921
0.046952 0.007871
0.047118 0.007821
0.047284 0.007772
0.047451 0.007723
0.047617 0.007674
0.047783 0.007625
0.047950 0.007577
0.048116 0.007529
0.048282 0.007481
0.048448 0.007433
0.048615 0.007386
0.048781 0.007339
0.048947 0.007292
0.049114 0.007246
0.049280 0.007200
0.049446 0.007154
0.049612 0.007109
0.049779 0.007063
0.049945 0.007019
0.050111 0.006974
0.050278 0.006930
0.050444 0.006886
0.050610 0.006842
0.050776 0.006798
0.050943 0.006755
0.051109 0.006713
0.051275 0.006670
0.051442 0.006628
0.051608 0.006586
0.051774 0.006544
0.051940 0.006503
0.052107 0.006462
0.052273 0.006421
0.052439 0.006380
0.052606 0.006340
0.052772 0.006300
0.052938 0.006260
0.053104 0.006221
0.053271 0.006182
0.053437 0.006143
0.053603 0.006105
0.053770 0.006067
0.053936 0.006029
0.054102 0.005991
0.054268 0.005954
0.054435 0.005917
0.054601 0.005880
0.054767 0.005844
0.054934 0.005807
0.055100 0.005771
0.055266 0.005736
0.055432 0.005700
0.055599 0.005665
0.055765 0.005631
0.055931 0.005596
0.056098 0.005562
0.056264 0.005528
0.056430 0.005494
0.056596 0.005461
0.056763 0.005428
0.056929 0.005395
0.057095 0.005362
0.057262 0.005330
0.057428 0.005298
0.057594 0.005266
0.057760 0.005235
0.057927 0.005203
0.058093 0.005172
0.058259 0.005142
0.058426 0.005111
0.058592 0.005081
0.058758 0.005051
0.058924 0.005022
0.059091 0.004992
0.059257 0.004963
0.059423 0.004934
0.059590 0.004906
0.059756 0.004877
0.059922 0.004849
0.060088 0.004821
0.060255 0.004794
0.060421 0.004766
0.060587 0.004739
0.060754 0.004712
0.060920 0.004685
0.061086 0.004659
0.061252 0.004633
0.061419 0.004607
0.061585 0.004581
0.061751 0.004556
0.061918 0.004531
0.062084 0.004506
0.062250 0.004481
0.062416 0.004456
0.062583 0.004432
0.062749 0.004408
0.062915 0.004384
0.063081 0.004361
0.063248 0.004337
0.063414 0.004314
0.063580 0.004291
0.063747 0.004269
0.063913 0.004246
0.064079 0.004224
0.064245 0.004202
0.064412 0.004180
0.064578 0.004158
0.064744 0.004137
0.064911 0.004116
0.065077 0.004095
0.065243 0.004074
0.065409 0.004053
0.065576 0.004033
0.065742 0.004012
0.065908 0.003992
0.066075 0.003973
0.066241 0.003953
0.066407 0.003934
0.066573 0.003914
0.066740 0.003895
0.066906 0.003876
0.067072 0.003858
0.067239 0.003839
0.067405 0.003821
0.067571 0.003803
0.067737 0.003785
0.067904 0.003767
0.068070 0.003749
0.068236 0.003732
0.068403 0.003715
0.068569 0.003698
0.068735 0.003681
0.068901 0.003664
0.069068 0.003648
0.069234 0.003631
0.069400 0.003615
0.069567 0.003599
0.069733 0.003583
0.069899 0.003567
0.070065 0.003552
0.070232 0.003536
0.070398 0.003521
0.070564 0.003506
0.070731 0.003491
0.070897 0.003476
0.071063 0.003461
0.071229 0.003447
0.071396 0.003432
0.071562 0.003418
0.071728 0.003404
0.071895 0.003390
0.072061 0.003376
0.072227 0.003362
0.072393 0.003349
0.072560 0.003335
0.072726 0.003322
0.072892 0.003309
0.073059 0.003296
0.073225 0.003283
0.073391 0.003270
0.073557 0.003257
0.073724 0.003245
0.073890 0.003233
0.074056 0.003220
0.074223 0.003208
0.074389 0.003196
0.074555 0.003184
0.074721 0.003172
0.074888 0.003161
0.075054 0.003149
0.075220 0.003137
0.075387 0.003126
0.075553 0.003115
0.075719 0.003104
0.075885 0.003093
0.076052 0.003082
0.076218 0.003071
0.076384 0.003060
0.076551 0.003049
0.076717 0.003039
0.076883 0.003028
0.077049 0.003018
0.077216 0.003008
0.077382 0.002997
0.077548 0.002987
0.077715 0.002977
0.077881 0.002968
0.078047 0.002958
0.078213 0.002948
0.078380 0.002938
0.078546 0.002929
0.078712 0.002919
0.078879 0.002910
0.079045 0.002901
0.079211 0.002891
0.079377 0.002882
0.079544 0.002873
0.079710 0.002864
0.079876 0.002855
0.080043 0.002847
0.080209 0.002838
0.080375 0.002829
0.080541 0.002820
0.080708 0.002812
0.080874 0.002803
0.081040 0.002795
0.081207 0.002787
0.081373 0.002778
0.081539 0.002770
0.081705 0.002762
0.081872 0.002754
0.082038 0.002746
0.082204 0.002738
0.082371 0.002730
0.082537 0.002722
0.082703 0.002715
0.082869 0.002707
0.083036 0.002699
0.083202 0.002692
0.083368 0.002684
0.083535 0.002677
0.083701 0.002669
0.083867 0.002662
0.084033 0.002655
0.084200 0.002648
0.084366 0.002640
0.084532 0.002633
0.084699 0.002626
0.084865 0.002619
0.085031 0.002612
0.085197 0.002605
0.085364 0.002598
0.085530 0.002592
0.085696 0.002585
0.085863 0.002578
0.086029 0.002571
0.086195 0.002565
0.086361 0.002558
0.086528 0.002551
0.086694 0.002545
0.086860 0.002539
0.087027 0.002532
0.087193 0.002526
0.087359 0.002519
0.087525 0.002513
0.087692 0.002507
0.087858 0.002501
0.088024 0.002494
0.088191 0.002488
0.088357 0.002482
0.088523 0.002476
0.088689 0.002470
0.088856 0.002464
0.089022 0.002458
0.089188 0.002452
0.089354 0.002446
0.089521 0.002441
0.089687 0.002435
0.089853 0.002429
0.090020 0.002423
0.090186 0.002418
0.090352 0.002412
0.090518 0.002406
0.090685 0.002401
0.090851 0.002395
0.091017 0.002390
0.091184 0.002384
0.091350 0.002379
0.091516 0.002373
0.091682 0.002368
0.091849 0.002363
0.092015 0.002357
0.092181 0.002352
0.092348 0.002347
0.092514 0.002342
0.092680 0.002336
0.092846 0.002331
0.093013 0.002326
0.093179 0.002321
0.093345 0.002316
0.093512 0.002311
0.093678 0.002306
0.093844 0.002301
0.094010 0.002296
0.094177 0.002291
0.094343 0.002286
0.094509 0.002281
0.094676 0.002276
0.094842 0.002272
0.095008 0.002267
0.095174 0.002262
0.095341 0.002258
0.095507 0.002253
0.095673 0.002248
0.095840 0.002244
0.096006 0.002239
0.096172 0.002234
0.096338 0.002230
0.096505 0.002225
0.096671 0.002221
0.096837 0.002217
0.097004 0.002212
0.097170 0.002208
0.097336 0.002203
0.097502 0.002199
0.097669 0.002195
0.097835 0.002190
0.098001 0.002186
0.098168 0.002182
0.098334 0.002178
0.098500 0.002174
0.098666 0.002170
0.098833 0.002166
0.098999 0.002161
0.099165 0.002157
0.099332 0.002153
0.099498 0.002149
0.099664 0.002145
0.099830 0.002142
0.099997 0.002138
0.100163 0.002134
0.100329 0.002130
0.100496 0.002126
0.100662 0.002122
0.100828 0.002119
0.100994 0.002115
0.101161 0.002111
0.101327 0.002108
0.101493 0.002104
0.101660 0.002100
0.101826 0.002097
0.101992 0.002093
0.102158 0.002090
0.102325 0.002086
0.102491 0.002083
0.102657 0.002080
0.102824 0.002076
0.102990 0.002073
0.103156 0.002069
0.103322 0.002066
0.103489 0.002063
0.103655 0.002060
0.103821 0.002056
0.103988 0.002053
0.104154 0.002050
0.104320 0.002047
0.104486 0.002044
0.104653 0.002041
0.104819 0.002038
0.104985 0.002035
0.105152 0.002032
0.105318 0.002029
0.105484 0.002026
0.105650 0.002023
0.105817 0.002020
0.105983 0.002018
0.106149 0.002015
0.106316 0.002012
0.106482 0.002009
0.106648 0.002007
0.106814 0.002004
0.106981 0.002002
0.107147 0.001999
0.107313 0.001996
0.107480 0.001994
0.107646 0.001991
0.107812 0.001989
0.107978 0.001987
0.108145 0.001984
0.108311 0.001982
0.108477 0.001979
0.108644 0.001977
0.108810 0.001975
0.108976 0.001973
0.109142 0.001970
0.109309 0.001968
0.109475 0.001966
0.109641 0.001964
0.109808 0.001962
0.109974 0.001960
0.110140 0.001958
0.110306 0.001956
0.110473 0.001954
0.110639 0.001952
0.110805 0.001950
0.110972 0.001948
0.111138 0.001947
0.111304 0.001945
0.111470 0.001943
0.111637 0.001941
0.111803 0.001940
0.111969 0.001938
0.112136 0.001936
0.112302 0.001935
0.112468 0.001933
0.112634 0.001932
0.112801 0.001930
0.112967 0.001929
0.113133 0.001927
0.113300 0.001926
0.113466 0.001924
0.113632 0.001923
0.113798 0.001922
0.113965 0.001920
0.114131 0.001919
0.114297 0.001918
0.114464 0.001917
0.114630 0.001915
0.114796 0.001914
0.114962 0.001913
0.115129 0.001912
0.115295 0.001911
0.115461 0.001910
0.115628 0.001909
0.115794 0.001908
0.115960 0.001907
0.116126 0.001906
0.116293 0.001905
0.116459 0.001905
0.116625 0.001904
0.116791 0.001903
0.116958 0.001902
0.117124 0.001901
0.117290 0.001901
0.117457 0.001900
0.117623 0.001899
0.117789 0.001899
0.117955 0.001898
0.118122 0.001898
0.118288 0.001897
0.118454 0.001897
0.118621 0.001896
0.118787 0.001896
0.118953 0.001895
0.119119 0.001895
0.119286 0.001894
0.119452 0.001894
0.119618 0.001894
0.119785 0.001893
0.119951 0.001893
0.120117 0.001893
0.120283 0.001893
0.120450 0.001893
0.120616 0.001892
0.120782 0.001892
0.120949 0.001892
0.121115 0.001892
0.121281 0.001892
0.121447 0.001892
0.121614 0.001892
0.121780 0.001892
0.121946 0.001892
0.122113 0.001892
0.122279 0.001892
0.122445 0.001892
0.122611 0.001892
0.122778 0.001892
0.122944 0.001892
0.123110 0.001892
0.123277 0.001893
0.123443 0.001893
0.123609 0.001893
0.123775 0.001893
0.123942 0.001894
0.124108 0.001894
0.124274 0.001894
0.124441 0.001895
0.124607 0.001895
0.124773 0.001895
0.124939 0.001896
0.125106 0.001896
0.125272 0.001896
0.125438 0.001897
0.125605 0.001897
0.125771 0.001898
0.125937 0.001898
0.126103 0.001899
0.126270 0.001899
0.126436 0.001900
0.126602 0.001900
0.126769 0.001901
0.126935 0.001901
0.127101 0.001902
0.127267 0.001903
0.127434 0.001903
0.127600 0.001904
0.127766 0.001905
0.127933 0.001905
0.128099 0.001906
0.128265 0.001907
0.128431 0.001907
0.128598 0.001908
0.128764 0.001909
0.128930 0.001909
0.129097 0.001910
0.129263 0.001911
0.129429 0.001912
0.129595 0.001912
0.129762 0.001913
0.129928 0.001914
0.130094 0.001915
0.130261 0.001916
0.130427 0.001916
0.130593 0.001917
0.130759 0.001918
0.130926 0.001919
0.131092 0.001920
0.131258 0.001921
0.131425 0.001922
0.131591 0.001922
0.131757 0.001923
0.131923 0.001924
0.132090 0.001925
0.132256 0.001926
0.132422 0.001927
0.132589 0.001928
0.132755 0.001929
0.132921 0.001930
0.133087 0.001930
0.133254 0.001931
0.133420 0.001932
0.133586 0.001933
0.133753 0.001934
0.133919 0.001935
0.134085 0.001936
0.134251 0.001937
0.134418 0.001938
0.134584 0.001939
0.134750 0.001940
0.134917 0.001941
0.135083 0.001942
0.135249 0.001943
0.135415 0.001944
0.135582 0.001944
0.135748 0.001945
0.135914 0.001946
0.136081 0.001947
0.136247 0.001948
0.136413 0.001949
0.136579 0.001950
0.136746 0.001951
0.136912 0.001952
0.137078 0.001953
0.137245 0.001954
0.137411 0.001955
0.137577 0.001956
0.137743 0.001957
0.137910 0.001957
0.138076 0.001958
0.138242 0.001959
0.138409 0.001960
0.138575 0.001961
0.138741 0.001962
0.138907 0.001963
0.139074 0.001964
0.139240 0.001965
0.139406 0.001965
0.139573 0.001966
0.139739 0.001967
0.139905 0.001968
0.140071 0.001969
0.140238 0.001970
0.140404 0.001970
0.140570 0.001971
0.140737 0.001972
0.140903 0.001973
0.141069 0.001974
0.141235 0.001974
0.141402 0.001975
0.141568 0.001976
0.141734 0.001977
0.141901 0.001978
0.142067 0.001978
0.142233 0.001979
0.142399 0.001980
0.142566 0.001980
0.142732 0.001981
0.142898 0.001982
0.143064 0.001983
0.143231 0.001983
0.143397 0.001984
0.143563 0.001985
0.143730 0.001985
0.143896 0.001986
0.144062 0.001986
0.144228 0.001987
0.144395 0.001988
0.144561 0.001988
0.144727 0.001989
0.144894 0.001989
0.145060 0.001990
0.145226 0.001990
0.145392 0.001991
0.145559 0.001992
0.145725 0.001992
0.145891 0.001993
0.146058 0.001993
0.146224 0.001993
0.146390 0.001994
0.146556 0.001994
0.146723 0.001995
0.146889 0.001995
0.147055 0.001996
0.147222 0.001996
0.147388 0.001996
0.147554 0.001997
0.147720 0.001997
0.147887 0.001997
0.148053 0.001998
0.148219 0.001998
0.148386 0.001998
0.148552 0.001999
0.148718 0.001999
0.148884 0.001999
0.149051 0.001999
0.149217 0.002000
0.149383 0.002000
0.149550 0.002000
0.149716 0.002000
0.149882 0.002000
0.150048 0.002001
0.150215 0.002001
0.150381 0.002001
0.150547 0.002001
0.150714 0.002001
0.150880 0.002001
0.151046 0.002001
0.151212 0.002001
0.151379 0.002001
0.151545 0.002001
0.151711 0.002001
0.151878 0.002001
0.152044 0.002001
0.152210 0.002001
0.152376 0.002001
0.152543 0.002001
0.152709 0.002001
0.152875 0.002001
0.153042 0.002001
0.153208 0.002001
0.153374 0.002001
0.153540 0.002001
0.153707 0.002000
0.153873 0.002000
0.154039 0.002000
0.154206 0.002000
0.154372 0.002000
0.154538 0.001999
0.154704 0.001999
0.154871 0.001999
0.155037 0.001999
0.155203 0.001998
0.155370 0.001998
0.155536 0.001998
0.155702 0.001997
0.155868 0.001997
0.156035 0.001997
0.156201 0.001996
0.156367 0.001996
0.156534 0.001996
0.156700 0.001995
0.156866 0.001995
0.157032 0.001994
0.157199 0.001994
0.157365 0.001993
0.157531 0.001993
0.157698 0.001992
0.157864 0.001992
0.158030 0.001991
0.158196 0.001991
0.158363 0.001990
0.158529 0.001990
0.158695 0.001989
0.158862 0.001988
0.159028 0.001988
0.159194 0.001987
0.159360 0.001987
0.159527 0.001986
0.159693 0.001985
0.159859 0.001985
0.160026 0.001984
0.160192 0.001983
0.160358 0.001983
0.160524 0.001982
0.160691 0.001981
0.160857 0.001980
0.161023 0.001980
0.161190 0.001979
0.161356 0.001978
0.161522 0.001977
0.161688 0.001976
0.161855 0.001976
0.162021 0.001975
0.162187 0.001974
0.162354 0.001973
0.162520 0.001972
0.162686 0.001971
0.162852 0.001971
0.163019 0.001970
0.163185 0.001969
0.163351 0.001968
0.163518 0.001967
0.163684 0.001966
0.163850 0.001965
0.164016 0.001964
0.164183 0.001963
0.164349 0.001962
0.164515 0.001961
0.164682 0.001960
0.164848 0.001959
0.165014 0.001958
0.165180 0.001957
0.165347 0.001956
0.165513 0.001955
0.165679 0.001954
0.165846 0.001953
0.166012 0.001952
0.166178 0.001951
0.166344 0.001950
0.166511 0.001949
0.166677 0.001947
0.166843 0.001946
0.167010 0.001945
0.167176 0.001944
0.167342 0.001943
0.167508 0.001942
0.167675 0.001941
0.167841 0.001939
0.168007 0.001938
0.168174 0.001937
0.168340 0.001936
0.168506 0.001935
0.168672 0.001933
0.168839 0.001932
0.169005 0.001931
0.169171 0.001930
0.169337 0.001928
0.169504 0.001927
0.169670 0.001926
0.169836 0.001925
0.170003 0.001923
0.170169 0.001922
0.170335 0.001921
0.170501 0.001920
0.170668 0.001918
0.170834 0.001917
0.171000 0.001916
0.171167 0.001914
0.171333 0.001913
0.171499 0.001912
0.171665 0.001910
0.171832 0.001909
0.171998 0.001908
0.172164 0.001906
0.172331 0.001905
0.172497 0.001904
0.172663 0.001902
0.172829 0.001901
0.172996 0.001899
0.173162 0.001898
0.173328 0.001897
0.173495 0.001895
0.173661 0.001894
0.173827 0.001892
0.173993 0.001891
0.174160 0.001890
0.174326 0.001888
0.174492 0.001887
0.174659 0.001885
0.174825 0.001884
0.174991 0.001882
0.175157 0.001881
0.175324 0.001879
0.175490 0.001878
0.175656 0.001877
0.175823 0.001875
0.175989 0.001874
0.176155 0.001872
0.176321 0.001871
0.176488 0.001869
0.176654 0.001868
0.176820 0.001866
0.176987 0.001865
0.177153 0.001863
0.177319 0.001862
0.177485 0.001860
0.177652 0.001859
0.177818 0.001857
0.177984 0.001856
0.178151 0.001854
0.178317 0.001853
0.178483 0.001851
0.178649 0.001850
0.178816 0.001848
0.178982 0.001847
0.179148 0.001845
0.179315 0.001844
0.179481 0.001842
0.179647 0.001840
0.179813 0.001839
0.179980 0.001837
0.180146 0.001836
0.180312 0.001834
0.180479 0.001833
0.180645 0.001831
0.180811 0.001830
0.180977 0.001828
0.181144 0.001826
0.181310 0.001825
0.181476 0.001823
0.181643 0.001822
0.181809 0.001820
0.181975 0.001819
0.182141 0.001817
0.182308 0.001815
0.182474 0.001814
0.182640 0.001812
0.182807 0.001811
0.182973 0.001809
0.183139 0.001808
0.183305 0.001806
0.183472 0.001804
0.183638 0.001803
0.183804 0.001801
0.183971 0.001800
0.184137 0.001798
0.184303 0.001796
0.184469 0.001795
0.184636 0.001793
0.184802 0.001792
0.184968 0.001790
0.185135 0.001788
0.185301 0.001787
0.185467 0.001785
0.185633 0.001784
0.185800 0.001782
0.185966 0.001780
0.186132 0.001779
0.186299 0.001777
0.186465 0.001775
0.186631 0.001774
0.186797 0.001772
0.186964 0.001771
0.187130 0.001769
0.187296 0.001767
0.187463 0.001766
0.187629 0.001764
0.187795 0.001763
0.187961 0.001761
0.188128 0.001759
0.188294 0.001758
0.188460 0.001756
0.188627 0.001754
0.188793 0.001753
0.188959 0.001751
0.189125 0.001750
0.189292 0.001748
0.189458 0.001746
0.189624 0.001745
0.189791 0.001743
0.189957 0.001741
0.190123 0.001740
0.190289 0.001738
0.190456 0.001736
0.190622 0.001735
0.190788 0.001733
0.190955 0.001732
0.191121 0.001730
0.191287 0.001728
0.191453 0.001727
0.191620 0.001725
0.191786 0.001723
0.191952 0.001722
0.192119 0.001720
0.192285 0.001719
0.192451 0.001717
0.192617 0.001715
0.192784 0.001714
0.192950 0.001712
0.193116 0.001710
0.193283 0.001709
0.193449 0.001707
0.193615 0.001705
0.193781 0.001704
0.193948 0.001702
0.194114 0.001701
0.194280 0.001699
0.194447 0.001697
0.194613 0.001696
0.194779 0.001694
0.194945 0.001692
0.195112 0.001691
0.195278 0.001689
0.195444 0.001687
0.195610 0.001686
0.195777 0.001684
0.195943 0.001682
0.196109 0.001681
0.196276 0.001679
0.196442 0.001678
0.196608 0.001676
0.196774 0.001674
0.196941 0.001673
0.197107 0.001671
0.197273 0.001669
0.197440 0.001668
0.197606 0.001666
0.197772 0.001664
0.197938 0.001663
0.198105 0.001661
0.198271 0.001660
0.198437 0.001658
0.198604 0.001656
0.198770 0.001655
0.198936 0.001653
0.199102 0.001651
0.199269 0.001650
0.199435 0.001648
0.199601 0.001646
0.199768 0.001645
0.199934 0.001643
0.200100 0.001642
0.200266 0.001640
0.200433 0.001638
0.200599 0.001637
0.200765 0.001635
0.200932 0.001633
0.201098 0.001632
0.201264 0.001630
0.201430 0.001629
0.201597 0.001627
0.201763 0.001625
0.201929 0.001624
0.202096 0.001622
0.202262 0.001620
0.202428 0.001619
0.202594 0.001617
0.202761 0.001616
0.202927 0.001614
0.203093 0.001612
0.203260 0.001611
0.203426 0.001609
0.203592 0.001608
0.203758 0.001606
0.203925 0.001604
0.204091 0.001603
0.204257 0.001601
0.204424 0.001599
0.204590 0.001598
0.204756 0.001596
0.204922 0.001595
0.205089 0.001593
0.205255 0.001591
0.205421 0.001590
0.205588 0.001588
0.205754 0.001587
0.205920 0.001585
0.206086 0.001583
0.206253 0.001582
0.206419 0.001580
0.206585 0.001579
0.206752 0.001577
0.206918 0.001576
0.207084 0.001574
0.207250 0.001572
0.207417 0.001571
0.207583 0.001569
0.207749 0.001568
0.207916 0.001566
0.208082 0.001564
0.208248 0.001563
0.208414 0.001561
0.208581 0.001560
0.208747 0.001558
0.208913 0.001557
0.209080 0.001555
0.209246 0.001553
0.209412 0.001552
0.209578 0.001550
0.209745 0.001549
0.209911 0.001547
0.210077 0.001546
0.210244 0.001544
0.210410 0.001543
0.210576 0.001541
0.210742 0.001540
0.210909 0.001538
0.211075 0.001536
0.211241 0.001535
0.211408 0.001533
0.211574 0.001532
0.211740 0.001530
0.211906 0.001529
0.212073 0.001527
0.212239 0.001526
0.212405 0.001524
0.212572 0.001523
0.212738 0.001521
0.212904 0.001520
0.213070 0.001518
0.213237 0.001517
0.213403 0.001515
0.213569 0.001514
0.213736 0.001512
0.213902 0.001511
0.214068 0.001509
0.214234 0.001508
0.214401 0.001506
0.214567 0.001505
0.214733 0.001503
0.214900 0.001502
0.215066 0.001500
0.215232 0.001499
0.215398 0.001497
0.215565 0.001496
0.215731 0.001495
0.215897 0.001493
0.216064 0.001492
0.216230 0.001490
0.216396 0.001489
0.216562 0.001487
0.216729 0.001486
0.216895 0.001485
0.217061 0.001483
0.217228 0.001482
0.217394 0.001480
0.217560 0.001479
0.217726 0.001477
0.217893 0.001476
0.218059 0.001475
0.218225 0.001473
0.218392 0.001472
0.218558 0.001470
0.218724 0.001469
0.218890 0.001468
0.219057 0.001466
0.219223 0.001465
0.219389 0.001464
0.219556 0.001462
0.219722 0.001461
0.219888 0.001460
0.220054 0.001458
0.220221 0.001457
0.220387 0.001456
0.220553 0.001454
0.220720 0.001453
0.220886 0.001452
0.221052 0.001450
0.221218 0.001449
0.221385 0.001448
0.221551 0.001446
0.221717 0.001445
0.221883 0.001444
0.222050 0.001442
0.222216 0.001441
0.222382 0.001440
0.222549 0.001439
0.222715 0.001437
0.222881 0.001436
0.223047 0.001435
0.223214 0.001434
0.223380 0.001432
0.223546 0.001431
0.223713 0.001430
0.223879 0.001429
0.224045 0.001427
0.224211 0.001426
0.224378 0.001425
0.224544 0.001424
0.224710 0.001422
0.224877 0.001421
0.225043 0.001420
0.225209 0.001419
0.225375 0.001418
0.225542 0.001417
0.225708 0.001415
0.225874 0.001414
0.226041 0.001413
0.226207 0.001412
0.226373 0.001411
0.226539 0.001410
0.226706 0.001408
0.226872 0.001407
0.227038 0.001406
0.227205 0.001405
0.227371 0.001404
0.227537 0.001403
0.227703 0.001402
0.227870 0.001401
0.228036 0.001400
0.228202 0.001398
0.228369 0.001397
0.228535 0.001396
0.228701 0.001395
0.228867 0.001394
0.229034 0.001393
0.229200 0.001392
0.229366 0.001391
0.229533 0.001390
0.229699 0.001389
0.229865 0.001388
0.230031 0.001387
0.230198 0.001386
0.230364 0.001385
0.230530 0.001384
0.230697 0.001383
0.230863 0.001382
0.231029 0.001381
0.231195 0.001380
0.231362 0.001379
0.231528 0.001378
0.231694 0.001377
0.231861 0.001376
0.232027 0.001375
0.232193 0.001374
0.232359 0.001373
0.232526 0.001372
0.232692 0.001371
0.232858 0.001370
0.233025 0.001369
0.233191 0.001369
0.233357 0.001368
0.233523 0.001367
0.233690 0.001366
0.233856 0.001365
0.234022 0.001364
0.234189 0.001363
0.234355 0.001362
0.234521 0.001362
0.234687 0.001361
0.234854 0.001360
0.235020 0.001359
0.235186 0.001358
0.235353 0.001357
0.235519 0.001357
0.235685 0.001356
0.235851 0.001355
0.236018 0.001354
0.236184 0.001353
0.236350 0.001353
0.236517 0.001352
0.236683 0.001351
0.236849 0.001350
0.237015 0.001349
0.237182 0.001349
0.237348 0.001348
0.237514 0.001347
0.237681 0.001346
0.237847 0.001346
0.238013 0.001345
0.238179 0.001344
0.238346 0.001344
0.238512 0.001343
0.238678 0.001342
0.238845 0.001341
0.239011 0.001341
0.239177 0.001340
0.239343 0.001339
0.239510 0.001339
0.239676 0.001338
0.239842 0.001337
0.240009 0.001337
0.240175 0.001336
0.240341 0.001335
0.240507 0.001335
0.240674 0.001334
0.240840 0.001333
0.241006 0.001333
0.241173 0.001332
0.241339 0.001332
0.241505 0.001331
0.241671 0.001330
0.241838 0.001330
0.242004 0.001329
0.242170 0.001329
0.242337 0.001328
0.242503 0.001328
0.242669 0.001327
0.242835 0.001326
0.243002 0.001326
0.243168 0.001325
0.243334 0.001325
0.243501 0.001324
0.243667 0.001324
0.243833 0.001323
0.243999 0.001323
0.244166 0.001322
0.244332 0.001322
0.244498 0.001321
0.244665 0.001321
0.244831 0.001320
0.244997 0.001320
0.245163 0.001319
0.245330 0.001319
0.245496 0.001318
0.245662 0.001318
0.245829 0.001317
0.245995 0.001317
0.246161 0.001316
0.246327 0.001316
0.246494 0.001315
0.246660 0.001315
0.246826 0.001315
0.246993 0.001314
0.247159 0.001314
0.247325 0.001313
0.247491 0.001313
0.247658 0.001312
0.247824 0.001312
0.247990 0.001312
0.248157 0.001311
0.248323 0.001311
0.248489 0.001310
0.248655 0.001310
0.248822 0.001310
0.248988 0.001309
0.249154 0.001309
0.249320 0.001309
0.249487 0.001308
0.249653 0.001308
0.249819 0.001308
0.249986 0.001307
0.250152 0.001307
0.250318 0.001307
0.250484 0.001306
0.250651 0.001306
0.250817 0.001306
0.250983 0.001305
0.251150 0.001305
0.251316 0.001305
0.251482 0.001304
0.251648 0.001304
0.251815 0.001304
0.251981 0.001303
0.252147 0.001303
0.252314 0.001303
0.252480 0.001302
0.252646 0.001302
0.252812 0.001302
0.252979 0.001302
0.253145 0.001301
0.253311 0.001301
0.253478 0.001301
0.253644 0.001301
0.253810 0.001300
0.253976 0.001300
0.254143 0.001300
0.254309 0.001300
0.254475 0.001299
0.254642 0.001299
0.254808 0.001299
0.254974 0.001299
0.255140 0.001298
0.255307 0.001298
0.255473 0.001298
0.255639 0.001298
0.255806 0.001298
0.255972 0.001297
0.256138 0.001297
0.256304 0.001297
0.256471 0.001297
0.256637 0.001297
0.256803 0.001296
0.256970 0.001296
0.257136 0.001296
0.257302 0.001296
0.257468 0.001296
0.257635 0.001295
0.257801 0.001295
0.257967 0.001295
0.258134 0.001295
0.258300 0.001295
0.258466 0.001295
0.258632 0.001294
0.258799 0.001294
0.258965 0.001294
0.259131 0.001294
0.259298 0.001294
0.259464 0.001294
0.259630 0.001294
0.259796 0.001293
0.259963 0.001293
0.260129 0.001293
0.260295 0.001293
0.260462 0.001293
0.260628 0.001293
0.260794 0.001293
0.260960 0.001292
0.261127 0.001292
0.261293 0.001292
0.261459 0.001292
0.261626 0.001292
0.261792 0.001292
0.261958 0.001292
0.262124 0.001292
0.262291 0.001292
0.262457 0.001291
0.262623 0.001291
0.262790 0.001291
0.262956 0.001291
0.263122 0.001291
0.263288 0.001291
0.263455 0.001291
0.263621 0.001291
0.263787 0.001291
0.263954 0.001291
0.264120 0.001290
0.264286 0.001290
0.264452 0.001290
0.264619 0.001290
0.264785 0.001290
0.264951 0.001290
0.265118 0.001290
0.265284 0.001290
0.265450 0.001290
0.265616 0.001290
0.265783 0.001290
0.265949 0.001290
0.266115 0.001290
0.266282 0.001289
0.266448 0.001289
0.266614 0.001289
0.266780 0.001289
0.266947 0.001289
0.267113 0.001289
0.267279 0.001289
0.267446 0.001289
0.267612 0.001289
0.267778 0.001289
0.267944 0.001289
0.268111 0.001289
0.268277 0.001289
0.268443 0.001289
0.268610 0.001289
0.268776 0.001289
0.268942 0.001289
0.269108 0.001289
0.269275 0.001289
0.269441 0.001288
0.269607 0.001288
0.269774 0.001288
0.269940 0.001288
0.270106 0.001288
0.270272 0.001288
0.270439 0.001288
0.270605 0.001288
0.270771 0.001288
0.270938 0.001288
0.271104 0.001288
0.271270 0.001288
0.271436 0.001288
0.271603 0.001288
0.271769 0.001288
0.271935 0.001288
0.272102 0.001288
0.272268 0.001288
0.272434 0.001288
0.272600 0.001288
0.272767 0.001288
0.272933 0.001288
0.273099 0.001288
0.273266 0.001288
0.273432 0.001288
0.273598 0.001288
0.273764 0.001288
0.273931 0.001288
0.274097 0.001288
0.274263 0.001288
0.274430 0.001288
0.274596 0.001288
0.274762 0.001288
0.274928 0.001288
0.275095 0.001288
0.275261 0.001288
0.275427 0.001288
0.275593 0.001288
0.275760 0.001288
0.275926 0.001288
0.276092 0.001288
0.276259 0.001288
0.276425 0.001288
0.276591 0.001288
0.276757 0.001288
0.276924 0.001288
0.277090 0.001288
0.277256 0.001288
0.277423 0.001288
0.277589 0.001288
0.277755 0.001288
0.277921 0.001288
0.278088 0.001288
0.278254 0.001288
0.278420 0.001288
0.278587 0.001288
0.278753 0.001288
0.278919 0.001288
0.279085 0.001288
0.279252 0.001288
0.279418 0.001288
0.279584 0.001288
0.279751 0.001288
0.279917 0.001288
0.280083 0.001288
0.280249 0.001288
0.280416 0.001288
0.280582 0.001288
0.280748 0.001288
0.280915 0.001288
0.281081 0.001288
0.281247 0.001288
0.281413 0.001288
0.281580 0.001288
0.281746 0.001288
0.281912 0.001288
0.282079 0.001288
0.282245 0.001288
0.282411 0.001288
0.282577 0.001288
0.282744 0.001288
0.282910 0.001288
0.283076 0.001288
0.283243 0.001288
0.283409 0.001288
0.283575 0.001288
0.283741 0.001288
0.283908 0.001288
0.284074 0.001288
0.284240 0.001288
0.284407 0.001288
0.284573 0.001288
0.284739 0.001288
0.284905 0.001288
0.285072 0.001288
0.285238 0.001288
0.285404 0.001288
0.285571 0.001288
0.285737 0.001288
0.285903 0.001288
0.286069 0.001288
0.286236 0.001288
0.286402 0.001288
0.286568 0.001288
0.286735 0.001288
0.286901 0.001288
0.287067 0.001288
0.287233 0.001288
0.287400 0.001288
0.287566 0.001288
0.287732 0.001288
0.287899 0.001288
0.288065 0.001288
0.288231 0.001288
0.288397 0.001288
0.288564 0.001288
0.288730 0.001288
0.288896 0.001288
0.289063 0.001288
0.289229 0.001288
0.289395 0.001288
0.289561 0.001288
0.289728 0.001288
0.289894 0.001288
0.290060 0.001288
0.290227 0.001288
0.290393 0.001288
0.290559 0.001288
0.290725 0.001288
0.290892 0.001288
0.291058 0.001288
0.291224 0.001288
0.291391 0.001288
0.291557 0.001288
0.291723 0.001288
0.291889 0.001288
0.292056 0.001288
0.292222 0.001288
0.292388 0.001288
0.292555 0.001288
0.292721 0.001288
0.292887 0.001288
0.293053 0.001288
0.293220 0.001288
0.293386 0.001288
0.293552 0.001288
0.293719 0.001288
0.293885 0.001288
0.294051 0.001288
0.294217 0.001288
0.294384 0.001288
0.294550 0.001288
0.294716 0.001288
0.294883 0.001288
0.295049 0.001288
0.295215 0.001288
0.295381 0.001288
0.295548 0.001288
0.295714 0.001288
0.295880 0.001288
0.296047 0.001288
0.296213 0.001288
0.296379 0.001288
0.296545 0.001288
0.296712 0.001288
0.296878 0.001288
0.297044 0.001288
0.297211 0.001288
0.297377 0.001288
0.297543 0.001288
0.297709 0.001288
0.297876 0.001287
0.298042 0.001287
0.298208 0.001287
0.298375 0.001287
0.298541 0.001287
0.298707 0.001287
0.298873 0.001287
0.299040 0.001287
0.299206 0.001287
0.299372 0.001287
0.299539 0.001287
0.299705 0.001287
0.299871 0.001287
0.300037 0.001287
0.300204 0.001287
0.300370 0.001287
0.300536 0.001287
0.300703 0.001287
0.300869 0.001287
0.301035 0.001287
0.301201 0.001287
0.301368 0.001287
0.301534 0.001287
0.301700 0.001287
0.301866 0.001287
0.302033 0.001287
0.302199 0.001287
0.302365 0.001287
0.302532 0.001287
0.302698 0.001287
0.302864 0.001287
0.303030 0.001287
0.303197 0.001287
0.303363 0.001287
0.303529 0.001287
0.303696 0.001286
0.303862 0.001286
0.304028 0.001286
0.304194 0.001286
0.304361 0.001286
0.304527 0.001286
0.304693 0.001286
0.304860 0.001286
0.305026 0.001286
0.305192 0.001286
0.305358 0.001286
0.305525 0.001286
0.305691 0.001286
0.305857 0.001286
0.306024 0.001286
0.306190 0.001286
0.306356 0.001286
0.306522 0.001286
0.306689 0.001286
0.306855 0.001286
0.307021 0.001285
0.307188 0.001285
0.307354 0.001285
0.307520 0.001285
0.307686 0.001285
0.307853 0.001285
0.308019 0.001285
0.308185 0.001285
0.308352 0.001285
0.308518 0.001285
0.308684 0.001285
0.308850 0.001285
0.309017 0.001285
0.309183 0.001285
0.309349 0.001285
0.309516 0.001284
0.309682 0.001284
0.309848 0.001284
0.310014 0.001284
0.310181 0.001284
0.310347 0.001284
0.310513 0.001284
0.310680 0.001284
0.310846 0.001284
0.311012 0.001284
0.311178 0.001284
0.311345 0.001284
0.311511 0.001284
0.311677 0.001283
0.311844 0.001283
0.312010 0.001283
0.312176 0.001283
0.312342 0.001283
0.312509 0.001283
0.312675 0.001283
0.312841 0.001283
0.313008 0.001283
0.313174 0.001283
0.313340 0.001283
0.313506 0.001283
0.313673 0.001282
0.313839 0.001282
0.314005 0.001282
0.314172 0.001282
0.314338 0.001282
0.314504 0.001282
0.314670 0.001282
0.314837 0.001282
0.315003 0.001282
0.315169 0.001282
0.315336 0.001281
0.315502 0.001281
0.315668 0.001281
0.315834 0.001281
0.316001 0.001281
0.316167 0.001281
0.316333 0.001281
0.316500 0.001281
0.316666 0.001281
0.316832 0.001280
0.316998 0.001280
0.317165 0.001280
0.317331 0.001280
0.317497 0.001280
0.317664 0.001280
0.317830 0.001280
0.317996 0.001280
0.318162 0.001280
0.318329 0.001279
0.318495 0.001279
0.318661 0.001279
0.318828 0.001279
0.318994 0.001279
0.319160 0.001279
0.319326 0.001279
0.319493 0.001279
0.319659 0.001278
0.319825 0.001278
0.319992 0.001278
0.320158 0.001278
0.320324 0.001278
0.320490 0.001278
0.320657 0.001278
0.320823 0.001278
0.320989 0.001277
0.321156 0.001277
0.321322 0.001277
0.321488 0.001277
0.321654 0.001277
0.321821 0.001277
0.321987 0.001277
0.322153 0.001276
0.322320 0.001276
0.322486 0.001276
0.322652 0.001276
0.322818 0.001276
0.322985 0.001276
0.323151 0.001276
0.323317 0.001275
0.323484 0.001275
0.323650 0.001275
0.323816 0.001275
0.323982 0.001275
0.324149 0.001275
0.324315 0.001275
0.324481 0.001274
0.324648 0.001274
0.324814 0.001274
0.324980 0.001274
0.325146 0.001274
0.325313 0.001274
0.325479 0.001273
0.325645 0.001273
0.325812 0.001273
0.325978 0.001273
0.326144 0.001273
0.326310 0.001273
0.326477 0.001273
0.326643 0.001272
0.326809 0.001272
0.326976 0.001272
0.327142 0.001272
0.327308 0.001272
0.327474 0.001272
0.327641 0.001271
0.327807 0.001271
0.327973 0.001271
0.328139 0.001271
0.328306 0.001271
0.328472 0.001271
0.328638 0.001270
0.328805 0.001270
0.328971 0.001270
0.329137 0.001270
0.329303 0.001270
0.329470 0.001270
0.329636 0.001269
0.329802 0.001269
0.329969 0.001269
0.330135 0.001269
0.330301 0.001269
0.330467 0.001269
0.330634 0.001268
0.330800 0.001268
0.330966 0.001268
0.331133 0.001268
0.331299 0.001268
0.331465 0.001268
0.331631 0.001267
0.331798 0.001267
0.331964 0.001267
0.332130 0.001267
0.332297 0.001267
0.332463 0.001266
0.332629 0.001266
0.332795 0.001266
0.332962 0.001266
0.333128 0.001266
0.333294 0.001266
0.333461 0.001265
0.333627 0.001265
0.333793 0.001265
0.333959 0.001265
0.334126 0.001265
0.334292 0.001264
0.334458 0.001264
0.334625 0.001264
0.334791 0.001264
0.334957 0.001264
0.335123 0.001264
0.335290 0.001263
0.335456 0.001263
0.335622 0.001263
0.335789 0.001263
0.335955 0.001263
0.336121 0.001262
0.336287 0.001262
0.336454 0.001262
0.336620 0.001262
0.336786 0.001262
0.336953 0.001262
0.337119 0.001261
0.337285 0.001261
0.337451 0.001261
0.337618 0.001261
0.337784 0.001261
0.337950 0.001260
0.338117 0.001260
0.338283 0.001260
0.338449 0.001260
0.338615 0.001260
0.338782 0.001259
0.338948 0.001259
