# q I_fit
# reduced chi-square = 9.21
0.006545 0.035124
0.006711 0.035078
0.006877 0.035032
0.007044 0.034984
0.007210 0.034935
0.007376 0.034885
0.007542 0.034835
0.007709 0.034783
0.007875 0.034730
0.008041 0.034676
0.008208 0.034621
0.008374 0.034564
0.008540 0.034507
0.008706 0.034449
0.008873 0.034390
0.009039 0.034330
0.009205 0.034269
0.009372 0.034207
0.009538 0.034144
0.009704 0.034080
0.009870 0.034015
0.010037 0.033949
0.010203 0.033882
0.010369 0.033814
0.010535 0.033745
0.010702 0.033675
0.010868 0.033604
0.011034 0.033533
0.011201 0.033460
0.011367 0.033387
0.011533 0.033312
0.011699 0.033237
0.011866 0.033161
0.012032 0.033084
0.012198 0.033006
0.012365 0.032927
0.012531 0.032848
0.012697 0.032767
0.012863 0.032686
0.013030 0.032604
0.013196 0.032521
0.013362 0.032438
0.013529 0.032353
0.013695 0.032268
0.013861 0.032182
0.014027 0.032095
0.014194 0.032007
0.014360 0.031919
0.014526 0.031830
0.014693 0.031740
0.014859 0.031649
0.015025 0.031558
0.015191 0.031466
0.015358 0.031373
0.015524 0.031280
0.015690 0.031186
0.015857 0.031091
0.016023 0.030996
0.016189 0.030900
0.016355 0.030803
0.016522 0.030706
0.016688 0.030608
0.016854 0.030509
0.017021 0.030410
0.017187 0.030310
0.017353 0.030209
0.017519 0.030108
0.017686 0.030007
0.017852 0.029905
0.018018 0.029802
0.018185 0.029699
0.018351 0.029595
0.018517 0.029491
0.018683 0.029386
0.018850 0.029281
0.019016 0.029175
0.019182 0.029069
0.019349 0.028962
0.019515 0.028855
0.019681 0.028747
0.019847 0.028639
0.020014 0.028531
0.020180 0.028422
0.020346 0.028312
0.020513 0.028202
0.020679 0.028092
0.020845 0.027982
0.021011 0.027871
0.021178 0.027760
0.021344 0.027648
0.021510 0.027536
0.021677 0.027424
0.021843 0.027311
0.022009 0.027198
0.022175 0.027085
0.022342 0.026971
0.022508 0.026858
0.022674 0.026743
0.022841 0.026629
0.023007 0.026515
0.023173 0.026400
0.023339 0.026285
0.023506 0.026169
0.023672 0.026054
0.023838 0.025938
0.024005 0.025822
0.024171 0.025706
0.024337 0.025590
0.024503 0.025473
0.024670 0.025357
0.024836 0.025240
0.025002 0.025123
0.025169 0.025006
0.025335 0.024889
0.025501 0.024772
0.025667 0.024654
0.025834 0.024537
0.026000 0.024419
0.026166 0.024302
0.026333 0.024184
0.026499 0.024067
0.026665 0.023949
0.026831 0.023831
0.026998 0.023713
0.027164 0.023595
0.027330 0.023478
0.027497 0.023360
0.027663 0.023242
0.027829 0.023124
0.027995 0.023006
0.028162 0.022889
0.028328 0.022771
0.028494 0.022653
0.028661 0.022536
0.028827 0.022418
0.028993 0.022301
0.029159 0.022184
0.029326 0.022066
0.029492 0.021949
0.029658 0.021832
0.029825 0.021715
0.029991 0.021599
0.030157 0.021482
0.030323 0.021366
0.030490 0.021249
0.030656 0.021133
0.030822 0.021017
0.030989 0.020901
0.031155 0.020786
0.031321 0.020670
0.031487 0.020555
0.031654 0.020440
0.031820 0.020325
0.031986 0.020211
0.032153 0.020096
0.032319 0.019982
0.032485 0.019868
0.032651 0.019755
0.032818 0.019641
0.032984 0.019528
0.033150 0.019415
0.033317 0.019303
0.033483 0.019190
0.033649 0.019078
0.033815 0.018967
0.033982 0.018855
0.034148 0.018744
0.034314 0.018633
0.034481 0.018523
0.034647 0.018413
0.034813 0.018303
0.034979 0.018193
0.035146 0.018084
0.035312 0.017975
0.035478 0.017867
0.035645 0.017759
0.035811 0.017651
0.035977 0.017544
0.036143 0.017437
0.036310 0.017330
0.036476 0.017224
0.036642 0.017118
0.036808 0.017013
0.036975 0.016908
0.037141 0.016803
0.037307 0.016699
0.037474 0.016595
0.037640 0.016491
0.037806 0.016388
0.037972 0.016286
0.038139 0.016184
0.038305 0.016082
0.038471 0.015981
0.038638 0.015880
0.038804 0.015780
0.038970 0.015680
0.039136 0.015580
0.039303 0.015481
0.039469 0.015383
0.039635 0.015285
0.039802 0.015187
0.039968 0.015090
0.040134 0.014993
0.040300 0.014897
0.040467 0.014801
0.040633 0.014706
0.040799 0.014611
0.040966 0.014517
0.041132 0.014423
0.041298 0.014330
0.041464 0.014237
0.041631 0.014145
0.041797 0.014053
0.041963 0.013962
0.042130 0.013871
0.042296 0.013780
0.042462 0.013691
0.042628 0.013601
0.042795 0.013512
0.042961 0.013424
0.043127 0.013336
0.043294 0.013249
0.043460 0.013162
0.043626 0.013076
0.043792 0.012990
0.043959 0.012905
0.044125 0.012821
0.044291 0.012736
0.044458 0.012653
0.044624 0.012570
0.044790 0.012487
0.044956 0.012405
0.045123 0.012323
0.045289 0.012242
0.045455 0.012162
0.045622 0.012082
0.045788 0.012002
0.045954 0.011924
0.046120 0.011845
0.046287 0.011767
0.046453 0.011690
0.046619 0.011613
0.046786 0.011537
0.046952 0.011461
0.047118 0.011386
0.047284 0.011311
0.047451 0.011237
0.047617 0.011163
0.047783 0.011090
0.047950 0.011017
0.048116 0.010945
0.048282 0.010874
0.048448 0.010803
0.048615 0.010732
0.048781 0.010662
0.048947 0.010593
0.049114 0.010524
0.049280 0.010455
0.049446 0.010387
0.049612 0.010320
0.049779 0.010253
0.049945 0.010186
0.050111 0.010120
0.050278 0.010055
0.050444 0.009990
0.050610 0.009926
0.050776 0.009862
0.050943 0.009798
0.051109 0.009735
0.051275 0.009673
0.051442 0.009611
0.051608 0.009550
0.051774 0.009489
0.051940 0.009428
0.052107 0.009368
0.052273 0.009309
0.052439 0.009250
0.052606 0.009191
0.052772 0.009133
0.052938 0.009076
0.053104 0.009019
0.053271 0.008962
0.053437 0.008906
0.053603 0.008850
0.053770 0.008795
0.053936 0.008740
0.054102 0.008686
0.054268 0.008632
0.054435 0.008579
0.054601 0.008526
0.054767 0.008473
0.054934 0.008421
0.055100 0.008370
0.055266 0.008319
0.055432 0.008268
0.055599 0.008218
0.055765 0.008168
0.055931 0.008118
0.056098 0.008069
0.056264 0.008021
0.056430 0.007973
0.056596 0.007925
0.056763 0.007878
0.056929 0.007831
0.057095 0.007784
0.057262 0.007738
0.057428 0.007693
0.057594 0.007647
0.057760 0.007603
0.057927 0.007558
0.058093 0.007514
0.058259 0.007470
0.058426 0.007427
0.058592 0.007384
0.058758 0.007342
0.058924 0.007300
0.059091 0.007258
0.059257 0.007216
0.059423 0.007175
0.059590 0.007135
0.059756 0.007094
0.059922 0.007054
0.060088 0.007015
0.060255 0.006976
0.060421 0.006937
0.060587 0.006898
0.060754 0.006860
0.060920 0.006822
0.061086 0.006785
0.061252 0.006747
0.061419 0.006710
0.061585 0.006674
0.061751 0.006638
0.061918 0.006602
0.062084 0.006566
0.062250 0.006531
0.062416 0.006496
0.062583 0.006461
0.062749 0.006427
0.062915 0.006393
0.063081 0.006359
0.063248 0.006326
0.063414 0.006293
0.063580 0.006260
0.063747 0.006227
0.063913 0.006195
0.064079 0.006163
0.064245 0.006131
0.064412 0.006100
0.064578 0.006068
0.064744 0.006037
0.064911 0.006007
0.065077 0.005976
0.065243 0.005946
0.065409 0.005916
0.065576 0.005887
0.065742 0.005857
0.065908 0.005828
0.066075 0.005799
0.066241 0.005770
0.066407 0.005742
0.066573 0.005714
0.066740 0.005686
0.066906 0.005658
0.067072 0.005631
0.067239 0.005603
0.067405 0.005576
0.067571 0.005549
0.067737 0.005523
0.067904 0.005496
0.068070 0.005470
0.068236 0.005444
0.068403 0.005418
0.068569 0.005393
0.068735 0.005367
0.068901 0.005342
0.069068 0.005317
0.069234 0.005292
0.069400 0.005268
0.069567 0.005243
0.069733 0.005219
0.069899 0.005195
0.070065 0.005171
0.070232 0.005147
0.070398 0.005124
0.070564 0.005100
0.070731 0.005077
0.070897 0.005054
0.071063 0.005031
0.071229 0.005009
0.071396 0.004986
0.071562 0.004964
0.071728 0.004941
0.071895 0.004919
0.072061 0.004897
0.072227 0.004876
0.072393 0.004854
0.072560 0.004833
0.072726 0.004811
0.072892 0.004790
0.073059 0.004769
0.073225 0.004748
0.073391 0.004727
0.073557 0.004707
0.073724 0.004686
0.073890 0.004666
0.074056 0.004646
0.074223 0.004626
0.074389 0.004606
0.074555 0.004586
0.074721 0.004566
0.074888 0.004546
0.075054 0.004527
0.075220 0.004508
0.075387 0.004488
0.075553 0.004469
0.075719 0.004450
0.075885 0.004431
0.076052 0.004412
0.076218 0.004394
0.076384 0.004375
0.076551 0.004357
0.076717 0.004338
0.076883 0.004320
0.077049 0.004302
0.077216 0.004284
0.077382 0.004266
0.077548 0.004248
0.077715 0.004230
0.077881 0.004213
0.078047 0.004195
0.078213 0.004178
0.078380 0.004160
0.078546 0.004143
0.078712 0.004126
0.078879 0.004109
0.079045 0.004092
0.079211 0.004075
0.079377 0.004058
0.079544 0.004041
0.079710 0.004025
0.079876 0.004008
0.080043 0.003992
0.080209 0.003975
0.080375 0.003959
0.080541 0.003943
0.080708 0.003927
0.080874 0.003911
0.081040 0.003895
0.081207 0.003879
0.081373 0.003863
0.081539 0.003847
0.081705 0.003832
0.081872 0.003816
0.082038 0.003801
0.082204 0.003785
0.082371 0.003770
0.082537 0.003755
0.082703 0.003739
0.082869 0.003724
0.083036 0.003709
0.083202 0.003694
0.083368 0.003679
0.083535 0.003665
0.083701 0.003650
0.083867 0.003635
0.084033 0.003621
0.084200 0.003606
0.084366 0.003592
0.084532 0.003577
0.084699 0.003563
0.084865 0.003549
0.085031 0.003535
0.085197 0.003521
0.085364 0.003507
0.085530 0.003493
0.085696 0.003479
0.085863 0.003465
0.086029 0.003451
0.086195 0.003438
0.086361 0.003424
0.086528 0.003410
0.086694 0.003397
0.086860 0.003384
0.087027 0.003370
0.087193 0.003357
0.087359 0.003344
0.087525 0.003331
0.087692 0.003318
0.087858 0.003305
0.088024 0.003292
0.088191 0.003279
0.088357 0.003267
0.088523 0.003254
0.088689 0.003241
0.088856 0.003229
0.089022 0.003216
0.089188 0.003204
0.089354 0.003192
0.089521 0.003179
0.089687 0.003167
0.089853 0.003155
0.090020 0.003143
0.090186 0.003131
0.090352 0.003119
0.090518 0.003108
0.090685 0.003096
0.090851 0.003084
0.091017 0.003073
0.091184 0.003061
0.091350 0.003050
0.091516 0.003038
0.091682 0.003027
0.091849 0.003016
0.092015 0.003005
0.092181 0.002994
0.092348 0.002983
0.092514 0.002972
0.092680 0.002961
0.092846 0.002950
0.093013 0.002939
0.093179 0.002929
0.093345 0.002918
0.093512 0.002908
0.093678 0.002897
0.093844 0.002887
0.094010 0.002877
0.094177 0.002867
0.094343 0.002856
0.094509 0.002846
0.094676 0.002836
0.094842 0.002827
0.095008 0.002817
0.095174 0.002807
0.095341 0.002797
0.095507 0.002788
0.095673 0.002778
0.095840 0.002769
0.096006 0.002760
0.096172 0.002750
0.096338 0.002741
0.096505 0.002732
0.096671 0.002723
0.096837 0.002714
0.097004 0.002705
0.097170 0.002697
0.097336 0.002688
0.097502 0.002679
0.097669 0.002671
0.097835 0.002662
0.098001 0.002654
0.098168 0.002646
0.098334 0.002637
0.098500 0.002629
0.098666 0.002621
0.098833 0.002613
0.098999 0.002605
0.099165 0.002597
0.099332 0.002590
0.099498 0.002582
0.099664 0.002574
0.099830 0.002567
0.099997 0.002559
0.100163 0.002552
0.100329 0.002545
0.100496 0.002538
0.100662 0.002530
0.100828 0.002523
0.100994 0.002516
0.101161 0.002510
0.101327 0.002503
0.101493 0.002496
0.101660 0.002489
0.101826 0.002483
0.101992 0.002476
0.102158 0.002470
0.102325 0.002464
0.102491 0.002457
0.102657 0.002451
0.102824 0.002445
0.102990 0.002439
0.103156 0.002433
0.103322 0.002427
0.103489 0.002422
0.103655 0.002416
0.103821 0.002410
0.103988 0.002405
0.104154 0.002399
0.104320 0.002394
0.104486 0.002389
0.104653 0.002383
0.104819 0.002378
0.104985 0.002373
0.105152 0.002368
0.105318 0.002363
0.105484 0.002358
0.105650 0.002354
0.105817 0.002349
0.105983 0.002344
0.106149 0.002340
0.106316 0.002335
0.106482 0.002331
0.106648 0.002327
0.106814 0.002322
0.106981 0.002318
0.107147 0.002314
0.107313 0.002310
0.107480 0.002306
0.107646 0.002302
0.107812 0.002298
0.107978 0.002295
0.108145 0.002291
0.108311 0.002287
0.108477 0.002284
0.108644 0.002280
0.108810 0.002277
0.108976 0.002274
0.109142 0.002270
0.109309 0.002267
0.109475 0.002264
0.109641 0.002261
0.109808 0.002258
0.109974 0.002255
0.110140 0.002252
0.110306 0.002250
0.110473 0.002247
0.110639 0.002244
0.110805 0.002242
0.110972 0.002239
0.111138 0.002237
0.111304 0.002234
0.111470 0.002232
0.111637 0.002230
0.111803 0.002227
0.111969 0.002225
0.112136 0.002223
0.112302 0.002221
0.112468 0.002219
0.112634 0.002217
0.112801 0.002215
0.112967 0.002213
0.113133 0.002212
0.113300 0.002210
0.113466 0.002208
0.113632 0.002207
0.113798 0.002205
0.113965 0.002204
0.114131 0.002202
0.114297 0.002201
0.114464 0.002200
0.114630 0.002198
0.114796 0.002197
0.114962 0.002196
0.115129 0.002195
0.115295 0.002194
0.115461 0.002193
0.115628 0.002192
0.115794 0.002191
0.115960 0.002190
0.116126 0.002189
0.116293 0.002188
0.116459 0.002188
0.116625 0.002187
0.116791 0.002186
0.116958 0.002186
0.117124 0.002185
0.117290 0.002185
0.117457 0.002184
0.117623 0.002184
0.117789 0.002183
0.117955 0.002183
0.118122 0.002183
0.118288 0.002182
0.118454 0.002182
0.118621 0.002182
0.118787 0.002182
0.118953 0.002181
0.119119 0.002181
0.119286 0.002181
0.119452 0.002181
0.119618 0.002181
0.119785 0.002181
0.119951 0.002181
0.120117 0.002181
0.120283 0.002182
0.120450 0.002182
0.120616 0.002182
0.120782 0.002182
0.120949 0.002182
0.121115 0.002183
0.121281 0.002183
0.121447 0.002183
0.121614 0.002183
0.121780 0.002184
0.121946 0.002184
0.122113 0.002185
0.122279 0.002185
0.122445 0.002186
0.122611 0.002186
0.122778 0.002187
0.122944 0.002187
0.123110 0.002188
0.123277 0.002188
0.123443 0.002189
0.123609 0.002189
0.123775 0.002190
0.123942 0.002191
0.124108 0.002191
0.124274 0.002192
0.124441 0.002193
0.124607 0.002193
0.124773 0.002194
0.124939 0.002195
0.125106 0.002196
0.125272 0.002196
0.125438 0.002197
0.125605 0.002198
0.125771 0.002199
0.125937 0.002199
0.126103 0.002200
0.126270 0.002201
0.126436 0.002202
0.126602 0.002203
0.126769 0.002204
0.126935 0.002204
0.127101 0.002205
0.127267 0.002206
0.127434 0.002207
0.127600 0.002208
0.127766 0.002209
0.127933 0.002210
0.128099 0.002211
0.128265 0.002212
0.128431 0.002213
0.128598 0.002213
0.128764 0.002214
0.128930 0.002215
0.129097 0.002216
0.129263 0.002217
0.129429 0.002218
0.129595 0.002219
0.129762 0.002220
0.129928 0.002221
0.130094 0.002222
0.130261 0.002223
0.130427 0.002224
0.130593 0.002225
0.130759 0.002225
0.130926 0.002226
0.131092 0.002227
0.131258 0.002228
0.131425 0.002229
0.131591 0.002230
0.131757 0.002231
0.131923 0.002232
0.132090 0.002233
0.132256 0.002234
0.132422 0.002235
0.132589 0.002235
0.132755 0.002236
0.132921 0.002237
0.133087 0.002238
0.133254 0.002239
0.133420 0.002240
0.133586 0.002241
0.133753 0.002242
0.133919 0.002242
0.134085 0.002243
0.134251 0.002244
0.134418 0.002245
0.134584 0.002246
0.134750 0.002246
0.134917 0.002247
0.135083 0.002248
0.135249 0.002249
0.135415 0.002249
0.135582 0.002250
0.135748 0.002251
0.135914 0.002252
0.136081 0.002252
0.136247 0.002253
0.136413 0.002254
0.136579 0.002255
0.136746 0.002255
0.136912 0.002256
0.137078 0.002257
0.137245 0.002257
0.137411 0.002258
0.137577 0.002258
0.137743 0.002259
0.137910 0.002260
0.138076 0.002260
0.138242 0.002261
0.138409 0.002261
0.138575 0.002262
0.138741 0.002263
0.138907 0.002263
0.139074 0.002264
0.139240 0.002264
0.139406 0.002265
0.139573 0.002265
0.139739 0.002266
0.139905 0.002266
0.140071 0.002266
0.140238 0.002267
0.140404 0.002267
0.140570 0.002268
0.140737 0.002268
0.140903 0.002268
0.141069 0.002269
0.141235 0.002269
0.141402 0.002270
0.141568 0.002270
0.141734 0.002270
0.141901 0.002270
0.142067 0.002271
0.142233 0.002271
0.142399 0.002271
0.142566 0.002272
0.142732 0.002272
0.142898 0.002272
0.143064 0.002272
0.143231 0.002272
0.143397 0.002273
0.143563 0.002273
0.143730 0.002273
0.143896 0.002273
0.144062 0.002273
0.144228 0.002273
0.144395 0.002273
0.144561 0.002274
0.144727 0.002274
0.144894 0.002274
0.145060 0.002274
0.145226 0.002274
0.145392 0.002274
0.145559 0.002274
0.145725 0.002274
0.145891 0.002274
0.146058 0.002274
0.146224 0.002274
0.146390 0.002274
0.146556 0.002274
0.146723 0.002274
0.146889 0.002274
0.147055 0.002274
0.147222 0.002273
0.147388 0.002273
0.147554 0.002273
0.147720 0.002273
0.147887 0.002273
0.148053 0.002273
0.148219 0.002273
0.148386 0.002272
0.148552 0.002272
0.148718 0.002272
0.148884 0.002272
0.149051 0.002272
0.149217 0.002271
0.149383 0.002271
0.149550 0.002271
0.149716 0.002271
0.149882 0.002270
0.150048 0.002270
0.150215 0.002270
0.150381 0.002269
0.150547 0.002269
0.150714 0.002269
0.150880 0.002268
0.151046 0.002268
0.151212 0.002268
0.151379 0.002267
0.151545 0.002267
0.151711 0.002266
0.151878 0.002266
0.152044 0.002266
0.152210 0.002265
0.152376 0.002265
0.152543 0.002264
0.152709 0.002264
0.152875 0.002263
0.153042 0.002263
0.153208 0.002262
0.153374 0.002262
0.153540 0.002261
0.153707 0.002261
0.153873 0.002260
0.154039 0.002260
0.154206 0.002259
0.154372 0.002259
0.154538 0.002258
0.154704 0.002258
0.154871 0.002257
0.155037 0.002256
0.155203 0.002256
0.155370 0.002255
0.155536 0.002255
0.155702 0.002254
0.155868 0.002253
0.156035 0.002253
0.156201 0.002252
0.156367 0.002252
0.156534 0.002251
0.156700 0.002250
0.156866 0.002250
0.157032 0.002249
0.157199 0.002248
0.157365 0.002247
0.157531 0.002247
0.157698 0.002246
0.157864 0.002245
0.158030 0.002245
0.158196 0.002244
0.158363 0.002243
0.158529 0.002242
0.158695 0.002242
0.158862 0.002241
0.159028 0.002240
0.159194 0.002239
0.159360 0.002239
0.159527 0.002238
0.159693 0.002237
0.159859 0.002236
0.160026 0.002235
0.160192 0.002235
0.160358 0.002234
0.160524 0.002233
0.160691 0.002232
0.160857 0.002231
0.161023 0.002230
0.161190 0.002229
0.161356 0.002229
0.161522 0.002228
0.161688 0.002227
0.161855 0.002226
0.162021 0.002225
0.162187 0.002224
0.162354 0.002223
0.162520 0.002222
0.162686 0.002221
0.162852 0.002220
0.163019 0.002220
0.163185 0.002219
0.163351 0.002218
0.163518 0.002217
0.163684 0.002216
0.163850 0.002215
0.164016 0.002214
0.164183 0.002213
0.164349 0.002212
0.164515 0.002211
0.164682 0.002210
0.164848 0.002209
0.165014 0.002208
0.165180 0.002207
0.165347 0.002206
0.165513 0.002205
0.165679 0.002204
0.165846 0.002203
0.166012 0.002202
0.166178 0.002200
0.166344 0.002199
0.166511 0.002198
0.166677 0.002197
0.166843 0.002196
0.167010 0.002195
0.167176 0.002194
0.167342 0.002193
0.167508 0.002192
0.167675 0.002191
0.167841 0.002190
0.168007 0.002188
0.168174 0.002187
0.168340 0.002186
0.168506 0.002185
0.168672 0.002184
0.168839 0.002183
0.169005 0.002181
0.169171 0.002180
0.169337 0.002179
0.169504 0.002178
0.169670 0.002177
0.169836 0.002175
0.170003 0.002174
0.170169 0.002173
0.170335 0.002172
0.170501 0.002171
0.170668 0.002169
0.170834 0.002168
0.171000 0.002167
0.171167 0.002165
0.171333 0.002164
0.171499 0.002163
0.171665 0.002162
0.171832 0.002160
0.171998 0.002159
0.172164 0.002158
0.172331 0.002156
0.172497 0.002155
0.172663 0.002154
0.172829 0.002152
0.172996 0.002151
0.173162 0.002150
0.173328 0.002148
0.173495 0.002147
0.173661 0.002146
0.173827 0.002144
0.173993 0.002143
0.174160 0.002141
0.174326 0.002140
0.174492 0.002139
0.174659 0.002137
0.174825 0.002136
0.174991 0.002134
0.175157 0.002133
0.175324 0.002131
0.175490 0.002130
0.175656 0.002128
0.175823 0.002127
0.175989 0.002125
0.176155 0.002124
0.176321 0.002122
0.176488 0.002121
0.176654 0.002119
0.176820 0.002118
0.176987 0.002116
0.177153 0.002115
0.177319 0.002113
0.177485 0.002112
0.177652 0.002110
0.177818 0.002108
0.177984 0.002107
0.178151 0.002105
0.178317 0.002104
0.178483 0.002102
0.178649 0.002100
0.178816 0.002099
0.178982 0.002097
0.179148 0.002096
0.179315 0.002094
0.179481 0.002092
0.179647 0.002091
0.179813 0.002089
0.179980 0.002087
0.180146 0.002086
0.180312 0.002084
0.180479 0.002082
0.180645 0.002080
0.180811 0.002079
0.180977 0.002077
0.181144 0.002075
0.181310 0.002074
0.181476 0.002072
0.181643 0.002070
0.181809 0.002068
0.181975 0.002066
0.182141 0.002065
0.182308 0.002063
0.182474 0.002061
0.182640 0.002059
0.182807 0.002058
0.182973 0.002056
0.183139 0.002054
0.183305 0.002052
0.183472 0.002050
0.183638 0.002048
0.183804 0.002046
0.183971 0.002045
0.184137 0.002043
0.184303 0.002041
0.184469 0.002039
0.184636 0.002037
0.184802 0.002035
0.184968 0.002033
0.185135 0.002031
0.185301 0.002029
0.185467 0.002028
0.185633 0.002026
0.185800 0.002024
0.185966 0.002022
0.186132 0.002020
0.186299 0.002018
0.186465 0.002016
0.186631 0.002014
0.186797 0.002012
0.186964 0.002010
0.187130 0.002008
0.187296 0.002006
0.187463 0.002004
0.187629 0.002002
0.187795 0.002000
0.187961 0.001998
0.188128 0.001996
0.188294 0.001994
0.188460 0.001992
0.188627 0.001990
0.188793 0.001988
0.188959 0.001986
0.189125 0.001983
0.189292 0.001981
0.189458 0.001979
0.189624 0.001977
0.189791 0.001975
0.189957 0.001973
0.190123 0.001971
0.190289 0.001969
0.190456 0.001967
0.190622 0.001965
0.190788 0.001962
0.190955 0.001960
0.191121 0.001958
0.191287 0.001956
0.191453 0.001954
0.191620 0.001952
0.191786 0.001950
0.191952 0.001948
0.192119 0.001945
0.192285 0.001943
0.192451 0.001941
0.192617 0.001939
0.192784 0.001937
0.192950 0.001935
0.193116 0.001932
0.193283 0.001930
0.193449 0.001928
0.193615 0.001926
0.193781 0.001924
0.193948 0.001921
0.194114 0.001919
0.194280 0.001917
0.194447 0.001915
0.194613 0.001913
0.194779 0.001910
0.194945 0.001908
0.195112 0.001906
0.195278 0.001904
0.195444 0.001902
0.195610 0.001899
0.195777 0.001897
0.195943 0.001895
0.196109 0.001893
0.196276 0.001891
0.196442 0.001888
0.196608 0.001886
0.196774 0.001884
0.196941 0.001882
0.197107 0.001879
0.197273 0.001877
0.197440 0.001875
0.197606 0.001873
0.197772 0.001870
0.197938 0.001868
0.198105 0.001866
0.198271 0.001864
0.198437 0.001861
0.198604 0.001859
0.198770 0.001857
0.198936 0.001855
0.199102 0.001853
0.199269 0.001850
0.199435 0.001848
0.199601 0.001846
0.199768 0.001844
0.199934 0.001841
0.200100 0.001839
0.200266 0.001837
0.200433 0.001835
0.200599 0.001832
0.200765 0.001830
0.200932 0.001828
0.201098 0.001826
0.201264 0.001824
0.201430 0.001821
0.201597 0.001819
0.201763 0.001817
0.201929 0.001815
0.202096 0.001812
0.202262 0.001810
0.202428 0.001808
0.202594 0.001806
0.202761 0.001804
0.202927 0.001801
0.203093 0.001799
0.203260 0.001797
0.203426 0.001795
0.203592 0.001793
0.203758 0.001790
0.203925 0.001788
0.204091 0.001786
0.204257 0.001784
0.204424 0.001782
0.204590 0.001779
0.204756 0.001777
0.204922 0.001775
0.205089 0.001773
0.205255 0.001771
0.205421 0.001769
0.205588 0.001766
0.205754 0.001764
0.205920 0.001762
0.206086 0.001760
0.206253 0.001758
0.206419 0.001756
0.206585 0.001754
0.206752 0.001752
0.206918 0.001749
0.207084 0.001747
0.207250 0.001745
0.207417 0.001743
0.207583 0.001741
0.207749 0.001739
0.207916 0.001737
0.208082 0.001735
0.208248 0.001733
0.208414 0.001730
0.208581 0.001728
0.208747 0.001726
0.208913 0.001724
0.209080 0.001722
0.209246 0.001720
0.209412 0.001718
0.209578 0.001716
0.209745 0.001714
0.209911 0.001712
0.210077 0.001710
0.210244 0.001708
0.210410 0.001706
0.210576 0.001704
0.210742 0.001702
0.210909 0.001700
0.211075 0.001698
0.211241 0.001696
0.211408 0.001694
0.211574 0.001692
0.211740 0.001690
0.211906 0.001688
0.212073 0.001686
0.212239 0.001684
0.212405 0.001682
0.212572 0.001680
0.212738 0.001678
0.212904 0.001677
0.213070 0.001675
0.213237 0.001673
0.213403 0.001671
0.213569 0.001669
0.213736 0.001667
0.213902 0.001665
0.214068 0.001663
0.214234 0.001661
0.214401 0.001660
0.214567 0.001658
0.214733 0.001656
0.214900 0.001654
0.215066 0.001652
0.215232 0.001650
0.215398 0.001649
0.215565 0.001647
0.215731 0.001645
0.215897 0.001643
0.216064 0.001641
0.216230 0.001640
0.216396 0.001638
0.216562 0.001636
0.216729 0.001634
0.216895 0.001633
0.217061 0.001631
0.217228 0.001629
0.217394 0.001627
0.217560 0.001626
0.217726 0.001624
0.217893 0.001622
0.218059 0.001621
0.218225 0.001619
0.218392 0.001617
0.218558 0.001615
0.218724 0.001614
0.218890 0.001612
0.219057 0.001610
0.219223 0.001609
0.219389 0.001607
0.219556 0.001606
0.219722 0.001604
0.219888 0.001602
0.220054 0.001601
0.220221 0.001599
0.220387 0.001598
0.220553 0.001596
0.220720 0.001594
0.220886 0.001593
0.221052 0.001591
0.221218 0.001590
0.221385 0.001588
0.221551 0.001587
0.221717 0.001585
0.221883 0.001584
0.222050 0.001582
0.222216 0.001581
0.222382 0.001579
0.222549 0.001578
0.222715 0.001576
0.222881 0.001575
0.223047 0.001573
0.223214 0.001572
0.223380 0.001570
0.223546 0.001569
0.223713 0.001567
0.223879 0.001566
0.224045 0.001564
0.224211 0.001563
0.224378 0.001562
0.224544 0.001560
0.224710 0.001559
0.224877 0.001557
0.225043 0.001556
0.225209 0.001555
0.225375 0.001553
0.225542 0.001552
0.225708 0.001550
0.225874 0.001549
0.226041 0.001548
0.226207 0.001546
0.226373 0.001545
0.226539 0.001544
0.226706 0.001542
0.226872 0.001541
0.227038 0.001540
0.227205 0.001539
0.227371 0.001537
0.227537 0.001536
0.227703 0.001535
0.227870 0.001533
0.228036 0.001532
0.228202 0.001531
0.228369 0.001530
0.228535 0.001528
0.228701 0.001527
0.228867 0.001526
0.229034 0.001525
0.229200 0.001524
0.229366 0.001522
0.229533 0.001521
0.229699 0.001520
0.229865 0.001519
0.230031 0.001518
0.230198 0.001517
0.230364 0.001515
0.230530 0.001514
0.230697 0.001513
0.230863 0.001512
0.231029 0.001511
0.231195 0.001510
0.231362 0.001509
0.231528 0.001507
0.231694 0.001506
0.231861 0.001505
0.232027 0.001504
0.232193 0.001503
0.232359 0.001502
0.232526 0.001501
0.232692 0.001500
0.232858 0.001499
0.233025 0.001498
0.233191 0.001497
0.233357 0.001496
0.233523 0.001495
0.233690 0.001493
0.233856 0.001492
0.234022 0.001491
0.234189 0.001490
0.234355 0.001489
0.234521 0.001488
0.234687 0.001487
0.234854 0.001486
0.235020 0.001485
0.235186 0.001484
0.235353 0.001483
0.235519 0.001483
0.235685 0.001482
0.235851 0.001481
0.236018 0.001480
0.236184 0.001479
0.236350 0.001478
0.236517 0.001477
0.236683 0.001476
0.236849 0.001475
0.237015 0.001474
0.237182 0.001473
0.237348 0.001472
0.237514 0.001471
0.237681 0.001470
0.237847 0.001470
0.238013 0.001469
0.238179 0.001468
0.238346 0.001467
0.238512 0.001466
0.238678 0.001465
0.238845 0.001464
0.239011 0.001464
0.239177 0.001463
0.239343 0.001462
0.239510 0.001461
0.239676 0.001460
0.239842 0.001459
0.240009 0.001459
0.240175 0.001458
0.240341 0.001457
0.240507 0.001456
0.240674 0.001455
0.240840 0.001455
0.241006 0.001454
0.241173 0.001453
0.241339 0.001452
0.241505 0.001452
0.241671 0.001451
0.241838 0.001450
0.242004 0.001449
0.242170 0.001449
0.242337 0.001448
0.242503 0.001447
0.242669 0.001446
0.242835 0.001446
0.243002 0.001445
0.243168 0.001444
0.243334 0.001444
0.243501 0.001443
0.243667 0.001442
0.243833 0.001441
0.243999 0.001441
0.244166 0.001440
0.244332 0.001439
0.244498 0.001439
0.244665 0.001438
0.244831 0.001437
0.244997 0.001437
0.245163 0.001436
0.245330 0.001435
0.245496 0.001435
0.245662 0.001434
0.245829 0.001434
0.245995 0.001433
0.246161 0.001432
0.246327 0.001432
0.246494 0.001431
0.246660 0.001431
0.246826 0.001430
0.246993 0.001429
0.247159 0.001429
0.247325 0.001428
0.247491 0.001428
0.247658 0.001427
0.247824 0.001426
0.247990 0.001426
0.248157 0.001425
0.248323 0.001425
0.248489 0.001424
0.248655 0.001424
0.248822 0.001423
0.248988 0.001423
0.249154 0.001422
0.249320 0.001422
0.249487 0.001421
0.249653 0.001420
0.249819 0.001420
0.249986 0.001419
0.250152 0.001419
0.250318 0.001418
0.250484 0.001418
0.250651 0.001417
0.250817 0.001417
0.250983 0.001416
0.251150 0.001416
0.251316 0.001416
0.251482 0.001415
0.251648 0.001415
0.251815 0.001414
0.251981 0.001414
0.252147 0.001413
0.252314 0.001413
0.252480 0.001412
0.252646 0.001412
0.252812 0.001412
0.252979 0.001411
0.253145 0.001411
0.253311 0.001410
0.253478 0.001410
0.253644 0.001409
0.253810 0.001409
0.253976 0.001409
0.254143 0.001408
0.254309 0.001408
0.254475 0.001407
0.254642 0.001407
0.254808 0.001407
0.254974 0.001406
0.255140 0.001406
0.255307 0.001406
0.255473 0.001405
0.255639 0.001405
0.255806 0.001405
0.255972 0.001404
0.256138 0.001404
0.256304 0.001403
0.256471 0.001403
0.256637 0.001403
0.256803 0.001402
0.256970 0.001402
0.257136 0.001402
0.257302 0.001402
0.257468 0.001401
0.257635 0.001401
0.257801 0.001401
0.257967 0.001400
0.258134 0.001400
0.258300 0.001400
0.258466 0.001399
0.258632 0.001399
0.258799 0.001399
0.258965 0.001399
0.259131 0.001398
0.259298 0.001398
0.259464 0.001398
0.259630 0.001398
0.259796 0.001397
0.259963 0.001397
0.260129 0.001397
0.260295 0.001397
0.260462 0.001396
0.260628 0.001396
0.260794 0.001396
0.260960 0.001396
0.261127 0.001395
0.261293 0.001395
0.261459 0.001395
0.261626 0.001395
0.261792 0.001394
0.261958 0.001394
0.262124 0.001394
0.262291 0.001394
0.262457 0.001394
0.262623 0.001393
0.262790 0.001393
0.262956 0.001393
0.263122 0.001393
0.263288 0.001393
0.263455 0.001393
0.263621 0.001392
0.263787 0.001392
0.263954 0.001392
0.264120 0.001392
0.264286 0.001392
0.264452 0.001392
0.264619 0.001391
0.264785 0.001391
0.264951 0.001391
0.265118 0.001391
0.265284 0.001391
0.265450 0.001391
0.265616 0.001391
0.265783 0.001390
0.265949 0.001390
0.266115 0.001390
0.266282 0.001390
0.266448 0.001390
0.266614 0.001390
0.266780 0.001390
0.266947 0.001390
0.267113 0.001389
0.267279 0.001389
0.267446 0.001389
0.267612 0.001389
0.267778 0.001389
0.267944 0.001389
0.268111 0.001389
0.268277 0.001389
0.268443 0.001389
0.268610 0.001389
0.268776 0.001388
0.268942 0.001388
0.269108 0.001388
0.269275 0.001388
0.269441 0.001388
0.269607 0.001388
0.269774 0.001388
0.269940 0.001388
0.270106 0.001388
0.270272 0.001388
0.270439 0.001388
0.270605 0.001388
0.270771 0.001388
0.270938 0.001388
0.271104 0.001388
0.271270 0.001387
0.271436 0.001387
0.271603 0.001387
0.271769 0.001387
0.271935 0.001387
0.272102 0.001387
0.272268 0.001387
0.272434 0.001387
0.272600 0.001387
0.272767 0.001387
0.272933 0.001387
0.273099 0.001387
0.273266 0.001387
0.273432 0.001387
0.273598 0.001387
0.273764 0.001387
0.273931 0.001387
0.274097 0.001387
0.274263 0.001387
0.274430 0.001387
0.274596 0.001387
0.274762 0.001387
0.274928 0.001387
0.275095 0.001387
0.275261 0.001387
0.275427 0.001387
0.275593 0.001387
0.275760 0.001387
0.275926 0.001387
0.276092 0.001387
0.276259 0.001387
0.276425 0.001387
0.276591 0.001387
0.276757 0.001387
0.276924 0.001387
0.277090 0.001387
0.277256 0.001387
0.277423 0.001387
0.277589 0.001387
0.277755 0.001387
0.277921 0.001387
0.278088 0.001387
0.278254 0.001387
0.278420 0.001387
0.278587 0.001387
0.278753 0.001387
0.278919 0.001387
0.279085 0.001387
0.279252 0.001387
0.279418 0.001387
0.279584 0.001387
0.279751 0.001387
0.279917 0.001387
0.280083 0.001387
0.280249 0.001387
0.280416 0.001387
0.280582 0.001387
0.280748 0.001387
0.280915 0.001387
0.281081 0.001387
0.281247 0.001387
0.281413 0.001387
0.281580 0.001387
0.281746 0.001387
0.281912 0.001387
0.282079 0.001387
0.282245 0.001387
0.282411 0.001387
0.282577 0.001387
0.282744 0.001387
0.282910 0.001387
0.283076 0.001387
0.283243 0.001387
0.283409 0.001387
0.283575 0.001387
0.283741 0.001387
0.283908 0.001387
0.284074 0.001387
0.284240 0.001387
0.284407 0.001387
0.284573 0.001387
0.284739 0.001387
0.284905 0.001387
0.285072 0.001387
0.285238 0.001387
0.285404 0.001387
0.285571 0.001387
0.285737 0.001388
0.285903 0.001388
0.286069 0.001388
0.286236 0.001388
0.286402 0.001388
0.286568 0.001388
0.286735 0.001388
0.286901 0.001388
0.287067 0.001388
0.287233 0.001388
0.287400 0.001388
0.287566 0.001388
0.287732 0.001388
0.287899 0.001388
0.288065 0.001388
0.288231 0.001388
0.288397 0.001388
0.288564 0.001388
0.288730 0.001388
0.288896 0.001388
0.289063 0.001388
0.289229 0.001388
0.289395 0.001388
0.289561 0.001388
0.289728 0.001388
0.289894 0.001388
0.290060 0.001388
0.290227 0.001388
0.290393 0.001388
0.290559 0.001388
0.290725 0.001388
0.290892 0.001388
0.291058 0.001388
0.291224 0.001388
0.291391 0.001388
0.291557 0.001388
0.291723 0.001388
0.291889 0.001388
0.292056 0.001388
0.292222 0.001388
0.292388 0.001388
0.292555 0.001388
0.292721 0.001388
0.292887 0.001388
0.293053 0.001388
0.293220 0.001388
0.293386 0.001388
0.293552 0.001388
0.293719 0.001388
0.293885 0.001388
0.294051 0.001388
0.294217 0.001388
0.294384 0.001388
0.294550 0.001388
0.294716 0.001387
0.294883 0.001387
0.295049 0.001387
0.295215 0.001387
0.295381 0.001387
0.295548 0.001387
0.295714 0.001387
0.295880 0.001387
0.296047 0.001387
0.296213 0.001387
0.296379 0.001387
0.296545 0.001387
0.296712 0.001387
0.296878 0.001387
0.297044 0.001387
0.297211 0.001387
0.297377 0.001387
0.297543 0.001387
0.297709 0.001387
0.297876 0.001387
0.298042 0.001387
0.298208 0.001387
0.298375 0.001387
0.298541 0.001387
0.298707 0.001387
0.298873 0.001387
0.299040 0.001387
0.299206 0.001386
0.299372 0.001386
0.299539 0.001386
0.299705 0.001386
0.299871 0.001386
0.300037 0.001386
0.300204 0.001386
0.300370 0.001386
0.300536 0.001386
0.300703 0.001386
0.300869 0.001386
0.301035 0.001386
0.301201 0.001386
0.301368 0.001386
0.301534 0.001386
0.301700 0.001386
0.301866 0.001386
0.302033 0.001385
0.302199 0.001385
0.302365 0.001385
0.302532 0.001385
0.302698 0.001385
0.302864 0.001385
0.303030 0.001385
0.303197 0.001385
0.303363 0.001385
0.303529 0.001385
0.303696 0.001385
0.303862 0.001385
0.304028 0.001385
0.304194 0.001384
0.304361 0.001384
0.304527 0.001384
0.304693 0.001384
0.304860 0.001384
0.305026 0.001384
0.305192 0.001384
0.305358 0.001384
0.305525 0.001384
0.305691 0.001384
0.305857 0.001384
0.306024 0.001383
0.306190 0.001383
0.306356 0.001383
0.306522 0.001383
0.306689 0.001383
0.306855 0.001383
0.307021 0.001383
0.307188 0.001383
0.307354 0.001383
0.307520 0.001383
0.307686 0.001382
0.307853 0.001382
0.308019 0.001382
0.308185 0.001382
0.308352 0.001382
0.308518 0.001382
0.308684 0.001382
0.308850 0.001382
0.309017 0.001382
0.309183 0.001381
0.309349 0.001381
0.309516 0.001381
0.309682 0.001381
0.309848 0.001381
0.310014 0.001381
0.310181 0.001381
0.310347 0.001381
0.310513 0.001380
0.310680 0.001380
0.310846 0.001380
0.311012 0.001380
0.311178 0.001380
0.311345 0.001380
0.311511 0.001380
0.311677 0.001380
0.311844 0.001379
0.312010 0.001379
0.312176 0.001379
0.312342 0.001379
0.312509 0.001379
0.312675 0.001379
0.312841 0.001379
0.313008 0.001379
0.313174 0.001378
0.313340 0.001378
0.313506 0.001378
0.313673 0.001378
0.313839 0.001378
0.314005 0.001378
0.314172 0.001378
0.314338 0.001377
0.314504 0.001377
0.314670 0.001377
0.314837 0.001377
0.315003 0.001377
0.315169 0.001377
0.315336 0.001377
0.315502 0.001376
0.315668 0.001376
0.315834 0.001376
0.316001 0.001376
0.316167 0.001376
0.316333 0.001376
0.316500 0.001375
0.316666 0.001375
0.316832 0.001375
0.316998 0.001375
0.317165 0.001375
0.317331 0.001375
0.317497 0.001375
0.317664 0.001374
0.317830 0.001374
0.317996 0.001374
0.318162 0.001374
0.318329 0.001374
0.318495 0.001374
0.318661 0.001373
0.318828 0.001373
0.318994 0.001373
0.319160 0.001373
0.319326 0.001373
0.319493 0.001373
0.319659 0.001372
0.319825 0.001372
0.319992 0.001372
0.320158 0.001372
0.320324 0.001372
0.320490 0.001372
0.320657 0.001371
0.320823 0.001371
0.320989 0.001371
0.321156 0.001371
0.321322 0.001371
0.321488 0.001371
0.321654 0.001370
0.321821 0.001370
0.321987 0.001370
0.322153 0.001370
0.322320 0.001370
0.322486 0.001370
0.322652 0.001369
0.322818 0.001369
0.322985 0.001369
0.323151 0.001369
0.323317 0.001369
0.323484 0.001369
0.323650 0.001368
0.323816 0.001368
0.323982 0.001368
0.324149 0.001368
0.324315 0.001368
0.324481 0.001367
0.324648 0.001367
0.324814 0.001367
0.324980 0.001367
0.325146 0.001367
0.325313 0.001367
0.325479 0.001366
0.325645 0.001366
0.325812 0.001366
0.325978 0.001366
0.326144 0.001366
0.326310 0.001365
0.326477 0.001365
0.326643 0.001365
0.326809 0.001365
0.326976 0.001365
0.327142 0.001364
0.327308 0.001364
0.327474 0.001364
0.327641 0.001364
0.327807 0.001364
0.327973 0.001364
0.328139 0.001363
0.328306 0.001363
0.328472 0.001363
0.328638 0.001363
0.328805 0.001363
0.328971 0.001362
0.329137 0.001362
0.329303 0.001362
0.329470 0.001362
0.329636 0.001362
0.329802 0.001361
0.329969 0.001361
0.330135 0.001361
0.330301 0.001361
0.330467 0.001361
0.330634 0.001360
0.330800 0.001360
0.330966 0.001360
0.331133 0.001360
0.331299 0.001360
0.331465 0.001359
0.331631 0.001359
0.331798 0.001359
0.331964 0.001359
0.332130 0.001359
0.332297 0.001358
0.332463 0.001358
0.332629 0.001358
0.332795 0.001358
0.332962 0.001358
0.333128 0.001357
0.333294 0.001357
0.333461 0.001357
0.333627 0.001357
0.333793 0.001357
0.333959 0.001356
0.334126 0.001356
0.334292 0.001356
0.334458 0.001356
0.334625 0.001356
0.334791 0.001355
0.334957 0.001355
0.335123 0.001355
0.335290 0.001355
0.335456 0.001355
0.335622 0.001354
0.335789 0.001354
0.335955 0.001354
0.336121 0.001354
0.336287 0.001354
0.336454 0.001353
0.336620 0.001353
0.336786 0.001353
0.336953 0.001353
0.337119 0.001353
0.337285 0.001352
0.337451 0.001352
0.337618 0.001352
0.337784 0.001352
0.337950 0.001351
0.338117 0.001351
0.338283 0.001351
0.338449 0.001351
0.338615 0.001351
0.338782 0.001350
0.338948 0.001350
