# q I_fit
# reduced chi-square = 31.73
0.008517 0.020329
0.008683 0.020294
0.008849 0.020258
0.009014 0.020222
0.009180 0.020185
0.009346 0.020147
0.009512 0.020109
0.009678 0.020070
0.009843 0.020031
0.010009 0.019991
0.010175 0.019950
0.010341 0.019909
0.010506 0.019867
0.010672 0.019825
0.010838 0.019782
0.011004 0.019739
0.011170 0.019695
0.011335 0.019650
0.011501 0.019605
0.011667 0.019559
0.011833 0.019513
0.011999 0.019466
0.012164 0.019418
0.012330 0.019370
0.012496 0.019322
0.012662 0.019273
0.012828 0.019223
0.012993 0.019173
0.013159 0.019123
0.013325 0.019072
0.013491 0.019020
0.013657 0.018968
0.013822 0.018915
0.013988 0.018862
0.014154 0.018808
0.014320 0.018754
0.014485 0.018700
0.014651 0.018645
0.014817 0.018589
0.014983 0.018533
0.015149 0.018476
0.015314 0.018419
0.015480 0.018362
0.015646 0.018304
0.015812 0.018246
0.015978 0.018187
0.016143 0.018128
0.016309 0.018068
0.016475 0.018008
0.016641 0.017947
0.016807 0.017886
0.016972 0.017825
0.017138 0.017763
0.017304 0.017701
0.017470 0.017639
0.017636 0.017576
0.017801 0.017512
0.017967 0.017449
0.018133 0.017385
0.018299 0.017320
0.018464 0.017255
0.018630 0.017190
0.018796 0.017124
0.018962 0.017059
0.019128 0.016992
0.019293 0.016926
0.019459 0.016859
0.019625 0.016792
0.019791 0.016724
0.019957 0.016656
0.020122 0.016588
0.020288 0.016519
0.020454 0.016451
0.020620 0.016381
0.020786 0.016312
0.020951 0.016242
0.021117 0.016172
0.021283 0.016102
0.021449 0.016032
0.021615 0.015961
0.021780 0.015890
0.021946 0.015819
0.022112 0.015747
0.022278 0.015675
0.022443 0.015603
0.022609 0.015531
0.022775 0.015459
0.022941 0.015386
0.023107 0.015313
0.023272 0.015240
0.023438 0.015167
0.023604 0.015093
0.023770 0.015020
0.023936 0.014946
0.024101 0.014872
0.024267 0.014798
0.024433 0.014723
0.024599 0.014649
0.024765 0.014574
0.024930 0.014499
0.025096 0.014424
0.025262 0.014349
0.025428 0.014274
0.025594 0.014199
0.025759 0.014123
0.025925 0.014047
0.026091 0.013972
0.026257 0.013896
0.026422 0.013820
0.026588 0.013744
0.026754 0.013668
0.026920 0.013592
0.027086 0.013516
0.027251 0.013439
0.027417 0.013363
0.027583 0.013286
0.027749 0.013210
0.027915 0.013133
0.028080 0.013057
0.028246 0.012980
0.028412 0.012903
0.028578 0.012827
0.028744 0.012750
0.028909 0.012673
0.029075 0.012597
0.029241 0.012520
0.029407 0.012443
0.029572 0.012366
0.029738 0.012290
0.029904 0.012213
0.030070 0.012136
0.030236 0.012060
0.030401 0.011983
0.030567 0.011906
0.030733 0.011830
0.030899 0.011753
0.031065 0.011677
0.031230 0.011601
0.031396 0.011524
0.031562 0.011448
0.031728 0.011372
0.031894 0.011296
0.032059 0.011220
0.032225 0.011144
0.032391 0.011068
0.032557 0.010992
0.032723 0.010916
0.032888 0.010841
0.033054 0.010765
0.033220 0.010690
0.033386 0.010615
0.033551 0.010540
0.033717 0.010465
0.033883 0.010390
0.034049 0.010316
0.034215 0.010241
0.034380 0.010167
0.034546 0.010092
0.034712 0.010018
0.034878 0.009944
0.035044 0.009871
0.035209 0.009797
0.035375 0.009724
0.035541 0.009651
0.035707 0.009578
0.035873 0.009505
0.036038 0.009432
0.036204 0.009360
0.036370 0.009287
0.036536 0.009215
0.036702 0.009144
0.036867 0.009072
0.037033 0.009001
0.037199 0.008929
0.037365 0.008858
0.037530 0.008788
0.037696 0.008717
0.037862 0.008647
0.038028 0.008577
0.038194 0.008507
0.038359 0.008438
0.038525 0.008368
0.038691 0.008299
0.038857 0.008231
0.039023 0.008162
0.039188 0.008094
0.039354 0.008026
0.039520 0.007958
0.039686 0.007891
0.039852 0.007823
0.040017 0.007757
0.040183 0.007690
0.040349 0.007624
0.040515 0.007558
0.040681 0.007492
0.040846 0.007427
0.041012 0.007361
0.041178 0.007297
0.041344 0.007232
0.041509 0.007168
0.041675 0.007104
0.041841 0.007040
0.042007 0.006977
0.042173 0.006914
0.042338 0.006851
0.042504 0.006789
0.042670 0.006727
0.042836 0.006665
0.043002 0.006604
0.043167 0.006543
0.043333 0.006482
0.043499 0.006422
0.043665 0.006362
0.043831 0.006302
0.043996 0.006243
0.044162 0.006184
0.044328 0.006125
0.044494 0.006067
0.044660 0.006009
0.044825 0.005951
0.044991 0.005894
0.045157 0.005837
0.045323 0.005781
0.045488 0.005725
0.045654 0.005669
0.045820 0.005613
0.045986 0.005558
0.046152 0.005504
0.046317 0.005449
0.046483 0.005395
0.046649 0.005342
0.046815 0.005288
0.046981 0.005236
0.047146 0.005183
0.047312 0.005131
0.047478 0.005079
0.047644 0.005028
0.047810 0.004977
0.047975 0.004926
0.048141 0.004876
0.048307 0.004826
0.048473 0.004777
0.048639 0.004728
0.048804 0.004679
0.048970 0.004631
0.049136 0.004583
0.049302 0.004535
0.049467 0.004488
0.049633 0.004441
0.049799 0.004395
0.049965 0.004349
0.050131 0.004303
0.050296 0.004258
0.050462 0.004213
0.050628 0.004169
0.050794 0.004125
0.050960 0.004081
0.051125 0.004038
0.051291 0.003995
0.051457 0.003952
0.051623 0.003910
0.051789 0.003868
0.051954 0.003827
0.052120 0.003786
0.052286 0.003746
0.052452 0.003705
0.052618 0.003666
0.052783 0.003626
0.052949 0.003587
0.053115 0.003549
0.053281 0.003510
0.053446 0.003472
0.053612 0.003435
0.053778 0.003398
0.053944 0.003361
0.054110 0.003325
0.054275 0.003289
0.054441 0.003254
0.054607 0.003218
0.054773 0.003184
0.054939 0.003149
0.055104 0.003115
0.055270 0.003082
0.055436 0.003048
0.055602 0.003015
0.055768 0.002983
0.055933 0.002951
0.056099 0.002919
0.056265 0.002888
0.056431 0.002857
0.056596 0.002826
0.056762 0.002796
0.056928 0.002766
0.057094 0.002736
0.057260 0.002707
0.057425 0.002679
0.057591 0.002650
0.057757 0.002622
0.057923 0.002594
0.058089 0.002567
0.058254 0.002540
0.058420 0.002513
0.058586 0.002487
0.058752 0.002461
0.058918 0.002436
0.059083 0.002411
0.059249 0.002386
0.059415 0.002361
0.059581 0.002337
0.059747 0.002313
0.059912 0.002290
0.060078 0.002267
0.060244 0.002244
0.060410 0.002222
0.060575 0.002200
0.060741 0.002178
0.060907 0.002156
0.061073 0.002135
0.061239 0.002115
0.061404 0.002094
0.061570 0.002074
0.061736 0.002054
0.061902 0.002035
0.062068 0.002016
0.062233 0.001997
0.062399 0.001978
0.062565 0.001960
0.062731 0.001942
0.062897 0.001925
0.063062 0.001908
0.063228 0.001891
0.063394 0.001874
0.063560 0.001858
0.063726 0.001842
0.063891 0.001826
0.064057 0.001811
0.064223 0.001796
0.064389 0.001781
0.064554 0.001766
0.064720 0.001752
0.064886 0.001738
0.065052 0.001724
0.065218 0.001711
0.065383 0.001698
0.065549 0.001685
0.065715 0.001672
0.065881 0.001660
0.066047 0.001648
0.066212 0.001636
0.066378 0.001625
0.066544 0.001614
0.066710 0.001603
0.066876 0.001592
0.067041 0.001582
0.067207 0.001571
0.067373 0.001562
0.067539 0.001552
0.067705 0.001542
0.067870 0.001533
0.068036 0.001524
0.068202 0.001516
0.068368 0.001507
0.068533 0.001499
0.068699 0.001491
0.068865 0.001483
0.069031 0.001476
0.069197 0.001468
0.069362 0.001461
0.069528 0.001454
0.069694 0.001448
0.069860 0.001441
0.070026 0.001435
0.070191 0.001429
0.070357 0.001423
0.070523 0.001418
0.070689 0.001412
0.070855 0.001407
0.071020 0.001402
0.071186 0.001398
0.071352 0.001393
0.071518 0.001389
0.071684 0.001384
0.071849 0.001380
0.072015 0.001377
0.072181 0.001373
0.072347 0.001370
0.072512 0.001366
0.072678 0.001363
0.072844 0.001360
0.073010 0.001358
0.073176 0.001355
0.073341 0.001353
0.073507 0.001350
0.073673 0.001348
0.073839 0.001346
0.074005 0.001345
0.074170 0.001343
0.074336 0.001342
0.074502 0.001340
0.074668 0.001339
0.074834 0.001338
0.074999 0.001337
0.075165 0.001337
0.075331 0.001336
0.075497 0.001336
0.075663 0.001335
0.075828 0.001335
0.075994 0.001335
0.076160 0.001335
0.076326 0.001336
0.076491 0.001336
0.076657 0.001336
0.076823 0.001337
0.076989 0.001338
0.077155 0.001339
0.077320 0.001340
0.077486 0.001341
0.077652 0.001342
0.077818 0.001343
0.077984 0.001345
0.078149 0.001346
0.078315 0.001348
0.078481 0.001349
0.078647 0.001351
0.078813 0.001353
0.078978 0.001355
0.079144 0.001357
0.079310 0.001359
0.079476 0.001362
0.079641 0.001364
0.079807 0.001366
0.079973 0.001369
0.080139 0.001371
0.080305 0.001374
0.080470 0.001377
0.080636 0.001380
0.080802 0.001383
0.080968 0.001386
0.081134 0.001389
0.081299 0.001392
0.081465 0.001395
0.081631 0.001398
0.081797 0.001401
0.081963 0.001405
0.082128 0.001408
0.082294 0.001412
0.082460 0.001415
0.082626 0.001419
0.082792 0.001423
0.082957 0.001426
0.083123 0.001430
0.083289 0.001434
0.083455 0.001438
0.083620 0.001442
0.083786 0.001445
0.083952 0.001449
0.084118 0.001453
0.084284 0.001457
0.084449 0.001462
0.084615 0.001466
0.084781 0.001470
0.084947 0.001474
0.085113 0.001478
0.085278 0.001483
0.085444 0.001487
0.085610 0.001491
0.085776 0.001495
0.085942 0.001500
0.086107 0.001504
0.086273 0.001509
0.086439 0.001513
0.086605 0.001518
0.086771 0.001522
0.086936 0.001526
0.087102 0.001531
0.087268 0.001536
0.087434 0.001540
0.087599 0.001545
0.087765 0.001549
0.087931 0.001554
0.088097 0.001558
0.088263 0.001563
0.088428 0.001567
0.088594 0.001572
0.088760 0.001577
0.088926 0.001581
0.089092 0.001586
0.089257 0.001590
0.089423 0.001595
0.089589 0.001600
0.089755 0.001604
0.089921 0.001609
0.090086 0.001614
0.090252 0.001618
0.090418 0.001623
0.090584 0.001627
0.090750 0.001632
0.090915 0.001637
0.091081 0.001641
0.091247 0.001646
0.091413 0.001650
0.091578 0.001655
0.091744 0.001659
0.091910 0.001664
0.092076 0.001668
0.092242 0.001673
0.092407 0.001677
0.092573 0.001682
0.092739 0.001686
0.092905 0.001691
0.093071 0.001695
0.093236 0.001700
0.093402 0.001704
0.093568 0.001708
0.093734 0.001713
0.093900 0.001717
0.094065 0.001722
0.094231 0.001726
0.094397 0.001730
0.094563 0.001734
0.094729 0.001739
0.094894 0.001743
0.095060 0.001747
0.095226 0.001751
0.095392 0.001755
0.095557 0.001760
0.095723 0.001764
0.095889 0.001768
0.096055 0.001772
0.096221 0.001776
0.096386 0.001780
0.096552 0.001784
0.096718 0.001788
0.096884 0.001792
0.097050 0.001796
0.097215 0.001800
0.097381 0.001804
0.097547 0.001807
0.097713 0.001811
0.097879 0.001815
0.098044 0.001819
0.098210 0.001823
0.098376 0.001826
0.098542 0.001830
0.098708 0.001834
0.098873 0.001837
0.099039 0.001841
0.099205 0.001844
0.099371 0.001848
0.099536 0.001851
0.099702 0.001855
0.099868 0.001858
0.100034 0.001862
0.100200 0.001865
0.100365 0.001869
0.100531 0.001872
0.100697 0.001875
0.100863 0.001878
0.101029 0.001882
0.101194 0.001885
0.101360 0.001888
0.101526 0.001891
0.101692 0.001894
0.101858 0.001897
0.102023 0.001901
0.102189 0.001904
0.102355 0.001907
0.102521 0.001910
0.102687 0.001913
0.102852 0.001915
0.103018 0.001918
0.103184 0.001921
0.103350 0.001924
0.103515 0.001927
0.103681 0.001930
0.103847 0.001932
0.104013 0.001935
0.104179 0.001938
0.104344 0.001940
0.104510 0.001943
0.104676 0.001946
0.104842 0.001948
0.105008 0.001951
0.105173 0.001953
0.105339 0.001956
0.105505 0.001958
0.105671 0.001961
0.105837 0.001963
0.106002 0.001966
0.106168 0.001968
0.106334 0.001970
0.106500 0.001973
0.106665 0.001975
0.106831 0.001977
0.106997 0.001979
0.107163 0.001981
0.107329 0.001984
0.107494 0.001986
0.107660 0.001988
0.107826 0.001990
0.107992 0.001992
0.108158 0.001994
0.108323 0.001996
0.108489 0.001998
0.108655 0.002000
0.108821 0.002002
0.108987 0.002004
0.109152 0.002006
0.109318 0.002008
0.109484 0.002010
0.109650 0.002011
0.109816 0.002013
0.109981 0.002015
0.110147 0.002017
0.110313 0.002018
0.110479 0.002020
0.110644 0.002022
0.110810 0.002023
0.110976 0.002025
0.111142 0.002027
0.111308 0.002028
0.111473 0.002030
0.111639 0.002031
0.111805 0.002033
0.111971 0.002034
0.112137 0.002036
0.112302 0.002037
0.112468 0.002039
0.112634 0.002040
0.112800 0.002042
0.112966 0.002043
0.113131 0.002044
0.113297 0.002046
0.113463 0.002047
0.113629 0.002048
0.113795 0.002050
0.113960 0.002051
0.114126 0.002052
0.114292 0.002053
0.114458 0.002055
0.114623 0.002056
0.114789 0.002057
0.114955 0.002058
0.115121 0.002059
0.115287 0.002060
0.115452 0.002062
0.115618 0.002063
0.115784 0.002064
0.115950 0.002065
0.116116 0.002066
0.116281 0.002067
0.116447 0.002068
0.116613 0.002069
0.116779 0.002070
0.116945 0.002071
0.117110 0.002072
0.117276 0.002072
0.117442 0.002073
0.117608 0.002074
0.117774 0.002075
0.117939 0.002076
0.118105 0.002077
0.118271 0.002078
0.118437 0.002078
0.118602 0.002079
0.118768 0.002080
0.118934 0.002081
0.119100 0.002081
0.119266 0.002082
0.119431 0.002083
0.119597 0.002084
0.119763 0.002084
0.119929 0.002085
0.120095 0.002086
0.120260 0.002086
0.120426 0.002087
0.120592 0.002087
0.120758 0.002088
0.120924 0.002089
0.121089 0.002089
0.121255 0.002090
0.121421 0.002090
0.121587 0.002091
0.121753 0.002091
0.121918 0.002092
0.122084 0.002092
0.122250 0.002093
0.122416 0.002093
0.122581 0.002094
0.122747 0.002094
0.122913 0.002094
0.123079 0.002095
0.123245 0.002095
0.123410 0.002096
0.123576 0.002096
0.123742 0.002096
0.123908 0.002097
0.124074 0.002097
0.124239 0.002097
0.124405 0.002097
0.124571 0.002098
0.124737 0.002098
0.124903 0.002098
0.125068 0.002098
0.125234 0.002099
0.125400 0.002099
0.125566 0.002099
0.125732 0.002099
0.125897 0.002099
0.126063 0.002099
0.126229 0.002099
0.126395 0.002099
0.126560 0.002100
0.126726 0.002100
0.126892 0.002100
0.127058 0.002100
0.127224 0.002100
0.127389 0.002100
0.127555 0.002100
0.127721 0.002100
0.127887 0.002100
0.128053 0.002099
0.128218 0.002099
0.128384 0.002099
0.128550 0.002099
0.128716 0.002099
0.128882 0.002099
0.129047 0.002099
0.129213 0.002099
0.129379 0.002098
0.129545 0.002098
0.129711 0.002098
0.129876 0.002098
0.130042 0.002097
0.130208 0.002097
0.130374 0.002097
0.130539 0.002096
0.130705 0.002096
0.130871 0.002096
0.131037 0.002095
0.131203 0.002095
0.131368 0.002094
0.131534 0.002094
0.131700 0.002094
0.131866 0.002093
0.132032 0.002093
0.132197 0.002092
0.132363 0.002092
0.132529 0.002091
0.132695 0.002090
0.132861 0.002090
0.133026 0.002089
0.133192 0.002089
0.133358 0.002088
0.133524 0.002087
0.133689 0.002086
0.133855 0.002086
0.134021 0.002085
0.134187 0.002084
0.134353 0.002083
0.134518 0.002083
0.134684 0.002082
0.134850 0.002081
0.135016 0.002080
0.135182 0.002079
0.135347 0.002078
0.135513 0.002077
0.135679 0.002076
0.135845 0.002075
0.136011 0.002074
0.136176 0.002073
0.136342 0.002072
0.136508 0.002071
0.136674 0.002070
0.136840 0.002069
0.137005 0.002068
0.137171 0.002067
0.137337 0.002065
0.137503 0.002064
0.137668 0.002063
0.137834 0.002062
0.138000 0.002060
0.138166 0.002059
0.138332 0.002058
0.138497 0.002056
0.138663 0.002055
0.138829 0.002053
0.138995 0.002052
0.139161 0.002050
0.139326 0.002049
0.139492 0.002047
0.139658 0.002046
0.139824 0.002044
0.139990 0.002042
0.140155 0.002041
0.140321 0.002039
0.140487 0.002037
0.140653 0.002036
0.140819 0.002034
0.140984 0.002032
0.141150 0.002030
0.141316 0.002028
0.141482 0.002027
0.141647 0.002025
0.141813 0.002023
0.141979 0.002021
0.142145 0.002019
0.142311 0.002017
0.142476 0.002015
0.142642 0.002013
0.142808 0.002011
0.142974 0.002008
0.143140 0.002006
0.143305 0.002004
0.143471 0.002002
0.143637 0.002000
0.143803 0.001997
0.143969 0.001995
0.144134 0.001993
0.144300 0.001990
0.144466 0.001988
0.144632 0.001986
0.144798 0.001983
0.144963 0.001981
0.145129 0.001978
0.145295 0.001976
0.145461 0.001973
0.145626 0.001970
0.145792 0.001968
0.145958 0.001965
0.146124 0.001962
0.146290 0.001960
0.146455 0.001957
0.146621 0.001954
0.146787 0.001951
0.146953 0.001948
0.147119 0.001945
0.147284 0.001943
0.147450 0.001940
0.147616 0.001937
0.147782 0.001934
0.147948 0.001931
0.148113 0.001928
0.148279 0.001924
0.148445 0.001921
0.148611 0.001918
0.148777 0.001915
0.148942 0.001912
0.149108 0.001909
0.149274 0.001905
0.149440 0.001902
0.149605 0.001899
0.149771 0.001895
0.149937 0.001892
0.150103 0.001888
0.150269 0.001885
0.150434 0.001881
0.150600 0.001878
0.150766 0.001874
0.150932 0.001871
0.151098 0.001867
0.151263 0.001864
0.151429 0.001860
0.151595 0.001856
0.151761 0.001852
0.151927 0.001849
0.152092 0.001845
0.152258 0.001841
0.152424 0.001837
0.152590 0.001833
0.152756 0.001829
0.152921 0.001826
0.153087 0.001822
0.153253 0.001818
0.153419 0.001814
0.153584 0.001810
0.153750 0.001806
0.153916 0.001801
0.154082 0.001797
0.154248 0.001793
0.154413 0.001789
0.154579 0.001785
0.154745 0.001781
0.154911 0.001776
0.155077 0.001772
0.155242 0.001768
0.155408 0.001763
0.155574 0.001759
0.155740 0.001755
0.155906 0.001750
0.156071 0.001746
0.156237 0.001741
0.156403 0.001737
0.156569 0.001732
0.156734 0.001728
0.156900 0.001723
0.157066 0.001719
0.157232 0.001714
0.157398 0.001709
0.157563 0.001705
0.157729 0.001700
0.157895 0.001695
0.158061 0.001691
0.158227 0.001686
0.158392 0.001681
0.158558 0.001676
0.158724 0.001671
0.158890 0.001667
0.159056 0.001662
0.159221 0.001657
0.159387 0.001652
0.159553 0.001647
0.159719 0.001642
0.159885 0.001637
0.160050 0.001632
0.160216 0.001627
0.160382 0.001622
0.160548 0.001617
0.160713 0.001612
0.160879 0.001607
0.161045 0.001602
0.161211 0.001597
0.161377 0.001592
0.161542 0.001586
0.161708 0.001581
0.161874 0.001576
0.162040 0.001571
0.162206 0.001566
0.162371 0.001560
0.162537 0.001555
0.162703 0.001550
0.162869 0.001545
0.163035 0.001539
0.163200 0.001534
0.163366 0.001529
0.163532 0.001523
0.163698 0.001518
0.163864 0.001513
0.164029 0.001507
0.164195 0.001502
0.164361 0.001497
0.164527 0.001491
0.164692 0.001486
0.164858 0.001480
0.165024 0.001475
0.165190 0.001469
0.165356 0.001464
0.165521 0.001459
0.165687 0.001453
0.165853 0.001448
0.166019 0.001442
0.166185 0.001437
0.166350 0.001431
0.166516 0.001426
0.166682 0.001420
0.166848 0.001415
0.167014 0.001409
0.167179 0.001403
0.167345 0.001398
0.167511 0.001392
0.167677 0.001387
0.167843 0.001381
0.168008 0.001376
0.168174 0.001370
0.168340 0.001365
0.168506 0.001359
0.168671 0.001353
0.168837 0.001348
0.169003 0.001342
0.169169 0.001337
0.169335 0.001331
0.169500 0.001325
0.169666 0.001320
0.169832 0.001314
0.169998 0.001309
0.170164 0.001303
0.170329 0.001298
0.170495 0.001292
0.170661 0.001286
0.170827 0.001281
0.170993 0.001275
0.171158 0.001270
0.171324 0.001264
0.171490 0.001258
0.171656 0.001253
0.171822 0.001247
0.171987 0.001242
0.172153 0.001236
0.172319 0.001231
0.172485 0.001225
0.172650 0.001220
0.172816 0.001214
0.172982 0.001208
0.173148 0.001203
0.173314 0.001197
0.173479 0.001192
0.173645 0.001186
0.173811 0.001181
0.173977 0.001175
0.174143 0.001170
0.174308 0.001164
0.174474 0.001159
0.174640 0.001154
0.174806 0.001148
0.174972 0.001143
0.175137 0.001137
0.175303 0.001132
0.175469 0.001126
0.175635 0.001121
0.175801 0.001116
0.175966 0.001110
0.176132 0.001105
0.176298 0.001100
0.176464 0.001094
0.176629 0.001089
0.176795 0.001084
0.176961 0.001078
0.177127 0.001073
0.177293 0.001068
0.177458 0.001063
0.177624 0.001057
0.177790 0.001052
0.177956 0.001047
0.178122 0.001042
0.178287 0.001037
0.178453 0.001031
0.178619 0.001026
0.178785 0.001021
0.178951 0.001016
0.179116 0.001011
0.179282 0.001006
0.179448 0.001001
0.179614 0.000996
0.179780 0.000991
0.179945 0.000986
0.180111 0.000981
0.180277 0.000976
0.180443 0.000971
0.180608 0.000966
0.180774 0.000961
0.180940 0.000956
0.181106 0.000951
0.181272 0.000946
0.181437 0.000942
0.181603 0.000937
0.181769 0.000932
0.181935 0.000927
0.182101 0.000923
0.182266 0.000918
0.182432 0.000913
0.182598 0.000908
0.182764 0.000904
0.182930 0.000899
0.183095 0.000895
0.183261 0.000890
0.183427 0.000885
0.183593 0.000881
0.183758 0.000876
0.183924 0.000872
0.184090 0.000867
0.184256 0.000863
0.184422 0.000859
0.184587 0.000854
0.184753 0.000850
0.184919 0.000845
0.185085 0.000841
0.185251 0.000837
0.185416 0.000833
0.185582 0.000828
0.185748 0.000824
0.185914 0.000820
0.186080 0.000816
0.186245 0.000812
0.186411 0.000807
0.186577 0.000803
0.186743 0.000799
0.186909 0.000795
0.187074 0.000791
0.187240 0.000787
0.187406 0.000783
0.187572 0.000779
0.187737 0.000775
0.187903 0.000772
0.188069 0.000768
0.188235 0.000764
0.188401 0.000760
0.188566 0.000756
0.188732 0.000753
0.188898 0.000749
0.189064 0.000745
0.189230 0.000741
0.189395 0.000738
0.189561 0.000734
0.189727 0.000731
0.189893 0.000727
0.190059 0.000724
0.190224 0.000720
0.190390 0.000717
0.190556 0.000713
0.190722 0.000710
0.190888 0.000706
0.191053 0.000703
0.191219 0.000700
0.191385 0.000696
0.191551 0.000693
0.191716 0.000690
0.191882 0.000687
0.192048 0.000683
0.192214 0.000680
0.192380 0.000677
0.192545 0.000674
0.192711 0.000671
0.192877 0.000668
0.193043 0.000665
0.193209 0.000662
0.193374 0.000659
0.193540 0.000656
0.193706 0.000653
0.193872 0.000650
0.194038 0.000647
0.194203 0.000644
0.194369 0.000642
0.194535 0.000639
0.194701 0.000636
0.194867 0.000633
0.195032 0.000631
0.195198 0.000628
0.195364 0.000625
0.195530 0.000623
0.195695 0.000620
0.195861 0.000618
0.196027 0.000615
0.196193 0.000613
0.196359 0.000610
0.196524 0.000608
0.196690 0.000605
0.196856 0.000603
0.197022 0.000601
0.197188 0.000598
0.197353 0.000596
0.197519 0.000594
0.197685 0.000591
0.197851 0.000589
0.198017 0.000587
0.198182 0.000585
0.198348 0.000583
0.198514 0.000580
0.198680 0.000578
0.198846 0.000576
0.199011 0.000574
0.199177 0.000572
0.199343 0.000570
0.199509 0.000568
0.199674 0.000566
0.199840 0.000564
0.200006 0.000563
0.200172 0.000561
0.200338 0.000559
0.200503 0.000557
0.200669 0.000555
0.200835 0.000554
0.201001 0.000552
0.201167 0.000550
0.201332 0.000548
0.201498 0.000547
0.201664 0.000545
0.201830 0.000544
0.201996 0.000542
0.202161 0.000540
0.202327 0.000539
0.202493 0.000537
0.202659 0.000536
0.202825 0.000534
0.202990 0.000533
0.203156 0.000532
0.203322 0.000530
0.203488 0.000529
0.203653 0.000527
0.203819 0.000526
0.203985 0.000525
0.204151 0.000524
0.204317 0.000522
0.204482 0.000521
0.204648 0.000520
0.204814 0.000519
0.204980 0.000517
0.205146 0.000516
0.205311 0.000515
0.205477 0.000514
0.205643 0.000513
0.205809 0.000512
0.205975 0.000511
0.206140 0.000510
0.206306 0.000509
0.206472 0.000508
0.206638 0.000507
0.206803 0.000506
0.206969 0.000505
0.207135 0.000504
0.207301 0.000503
0.207467 0.000503
0.207632 0.000502
0.207798 0.000501
0.207964 0.000500
0.208130 0.000499
0.208296 0.000499
0.208461 0.000498
0.208627 0.000497
0.208793 0.000496
0.208959 0.000496
0.209125 0.000495
0.209290 0.000494
0.209456 0.000494
0.209622 0.000493
0.209788 0.000493
0.209954 0.000492
0.210119 0.000492
0.210285 0.000491
0.210451 0.000490
0.210617 0.000490
0.210782 0.000489
0.210948 0.000489
0.211114 0.000489
0.211280 0.000488
0.211446 0.000488
0.211611 0.000487
0.211777 0.000487
0.211943 0.000487
0.212109 0.000486
0.212275 0.000486
0.212440 0.000486
0.212606 0.000485
0.212772 0.000485
0.212938 0.000485
0.213104 0.000484
0.213269 0.000484
0.213435 0.000484
0.213601 0.000484
0.213767 0.000484
0.213933 0.000483
0.214098 0.000483
0.214264 0.000483
0.214430 0.000483
0.214596 0.000483
0.214761 0.000483
0.214927 0.000483
0.215093 0.000482
0.215259 0.000482
0.215425 0.000482
0.215590 0.000482
0.215756 0.000482
0.215922 0.000482
0.216088 0.000482
0.216254 0.000482
0.216419 0.000482
0.216585 0.000482
0.216751 0.000482
0.216917 0.000482
0.217083 0.000482
0.217248 0.000482
0.217414 0.000482
0.217580 0.000483
0.217746 0.000483
0.217912 0.000483
0.218077 0.000483
0.218243 0.000483
0.218409 0.000483
0.218575 0.000483
0.218740 0.000483
0.218906 0.000484
0.219072 0.000484
0.219238 0.000484
0.219404 0.000484
0.219569 0.000484
0.219735 0.000485
0.219901 0.000485
0.220067 0.000485
0.220233 0.000485
0.220398 0.000486
0.220564 0.000486
0.220730 0.000486
0.220896 0.000486
0.221062 0.000487
0.221227 0.000487
0.221393 0.000487
0.221559 0.000488
0.221725 0.000488
0.221891 0.000488
0.222056 0.000489
0.222222 0.000489
0.222388 0.000489
0.222554 0.000490
0.222719 0.000490
0.222885 0.000491
0.223051 0.000491
0.223217 0.000491
0.223383 0.000492
0.223548 0.000492
0.223714 0.000493
0.223880 0.000493
0.224046 0.000493
0.224212 0.000494
0.224377 0.000494
0.224543 0.000495
0.224709 0.000495
0.224875 0.000496
0.225041 0.000496
0.225206 0.000497
0.225372 0.000497
0.225538 0.000498
0.225704 0.000498
0.225870 0.000499
0.226035 0.000499
0.226201 0.000500
0.226367 0.000500
0.226533 0.000501
0.226698 0.000501
0.226864 0.000502
0.227030 0.000502
0.227196 0.000503
0.227362 0.000503
0.227527 0.000504
0.227693 0.000504
0.227859 0.000505
0.228025 0.000505
0.228191 0.000506
0.228356 0.000506
0.228522 0.000507
0.228688 0.000508
0.228854 0.000508
0.229020 0.000509
0.229185 0.000509
0.229351 0.000510
0.229517 0.000511
0.229683 0.000511
0.229849 0.000512
0.230014 0.000512
0.230180 0.000513
0.230346 0.000514
0.230512 0.000514
0.230677 0.000515
0.230843 0.000515
0.231009 0.000516
0.231175 0.000517
0.231341 0.000517
0.231506 0.000518
0.231672 0.000518
0.231838 0.000519
0.232004 0.000520
0.232170 0.000520
0.232335 0.000521
0.232501 0.000522
0.232667 0.000522
0.232833 0.000523
0.232999 0.000524
0.233164 0.000524
0.233330 0.000525
0.233496 0.000525
0.233662 0.000526
0.233827 0.000527
0.233993 0.000527
0.234159 0.000528
0.234325 0.000529
0.234491 0.000529
0.234656 0.000530
0.234822 0.000531
0.234988 0.000531
0.235154 0.000532
0.235320 0.000533
0.235485 0.000533
0.235651 0.000534
0.235817 0.000535
0.235983 0.000535
0.236149 0.000536
0.236314 0.000537
0.236480 0.000537
0.236646 0.000538
0.236812 0.000539
0.236978 0.000539
0.237143 0.000540
0.237309 0.000541
0.237475 0.000541
0.237641 0.000542
0.237806 0.000543
0.237972 0.000543
0.238138 0.000544
0.238304 0.000545
0.238470 0.000545
0.238635 0.000546
0.238801 0.000547
0.238967 0.000547
0.239133 0.000548
0.239299 0.000549
0.239464 0.000549
0.239630 0.000550
0.239796 0.000551
0.239962 0.000551
0.240128 0.000552
0.240293 0.000553
0.240459 0.000553
0.240625 0.000554
0.240791 0.000555
0.240957 0.000555
0.241122 0.000556
0.241288 0.000557
0.241454 0.000557
0.241620 0.000558
0.241785 0.000558
0.241951 0.000559
0.242117 0.000560
0.242283 0.000560
0.242449 0.000561
0.242614 0.000562
0.242780 0.000562
0.242946 0.000563
0.243112 0.000564
0.243278 0.000564
0.243443 0.000565
0.243609 0.000565
0.243775 0.000566
0.243941 0.000567
0.244107 0.000567
0.244272 0.000568
0.244438 0.000569
0.244604 0.000569
0.244770 0.000570
0.244936 0.000570
0.245101 0.000571
0.245267 0.000572
0.245433 0.000572
0.245599 0.000573
0.245764 0.000573
0.245930 0.000574
0.246096 0.000575
0.246262 0.000575
0.246428 0.000576
0.246593 0.000576
0.246759 0.000577
0.246925 0.000577
0.247091 0.000578
0.247257 0.000579
0.247422 0.000579
0.247588 0.000580
0.247754 0.000580
0.247920 0.000581
0.248086 0.000581
0.248251 0.000582
0.248417 0.000582
0.248583 0.000583
0.248749 0.000583
0.248915 0.000584
0.249080 0.000584
0.249246 0.000585
0.249412 0.000585
0.249578 0.000586
0.249743 0.000586
0.249909 0.000587
0.250075 0.000587
0.250241 0.000588
0.250407 0.000588
0.250572 0.000589
0.250738 0.000589
0.250904 0.000590
0.251070 0.000590
0.251236 0.000591
0.251401 0.000591
0.251567 0.000592
0.251733 0.000592
0.251899 0.000592
0.252065 0.000593
0.252230 0.000593
0.252396 0.000594
0.252562 0.000594
0.252728 0.000595
0.252894 0.000595
0.253059 0.000595
0.253225 0.000596
0.253391 0.000596
0.253557 0.000597
0.253722 0.000597
0.253888 0.000597
0.254054 0.000598
0.254220 0.000598
0.254386 0.000598
0.254551 0.000599
0.254717 0.000599
0.254883 0.000599
0.255049 0.000600
0.255215 0.000600
0.255380 0.000600
0.255546 0.000601
0.255712 0.000601
0.255878 0.000601
0.256044 0.000601
0.256209 0.000602
0.256375 0.000602
0.256541 0.000602
0.256707 0.000603
0.256873 0.000603
0.257038 0.000603
0.257204 0.000603
0.257370 0.000604
0.257536 0.000604
0.257701 0.000604
0.257867 0.000604
0.258033 0.000604
0.258199 0.000605
0.258365 0.000605
0.258530 0.000605
0.258696 0.000605
0.258862 0.000605
0.259028 0.000605
0.259194 0.000606
0.259359 0.000606
0.259525 0.000606
0.259691 0.000606
0.259857 0.000606
0.260023 0.000606
0.260188 0.000606
0.260354 0.000606
0.260520 0.000607
0.260686 0.000607
0.260851 0.000607
0.261017 0.000607
0.261183 0.000607
0.261349 0.000607
0.261515 0.000607
0.261680 0.000607
0.261846 0.000607
0.262012 0.000607
0.262178 0.000607
0.262344 0.000607
0.262509 0.000607
0.262675 0.000607
0.262841 0.000607
0.263007 0.000607
0.263173 0.000607
0.263338 0.000607
0.263504 0.000607
0.263670 0.000607
0.263836 0.000607
0.264002 0.000606
0.264167 0.000606
0.264333 0.000606
0.264499 0.000606
0.264665 0.000606
0.264830 0.000606
0.264996 0.000606
0.265162 0.000606
0.265328 0.000605
0.265494 0.000605
0.265659 0.000605
0.265825 0.000605
0.265991 0.000605
0.266157 0.000605
0.266323 0.000604
0.266488 0.000604
0.266654 0.000604
0.266820 0.000604
0.266986 0.000603
0.267152 0.000603
0.267317 0.000603
0.267483 0.000603
0.267649 0.000602
0.267815 0.000602
0.267981 0.000602
0.268146 0.000601
0.268312 0.000601
0.268478 0.000601
0.268644 0.000600
0.268809 0.000600
0.268975 0.000600
0.269141 0.000599
0.269307 0.000599
0.269473 0.000599
0.269638 0.000598
0.269804 0.000598
0.269970 0.000597
0.270136 0.000597
0.270302 0.000597
0.270467 0.000596
0.270633 0.000596
0.270799 0.000595
0.270965 0.000595
0.271131 0.000594
0.271296 0.000594
0.271462 0.000593
0.271628 0.000593
0.271794 0.000592
0.271960 0.000592
0.272125 0.000591
0.272291 0.000591
0.272457 0.000590
0.272623 0.000590
0.272788 0.000589
0.272954 0.000588
0.273120 0.000588
0.273286 0.000587
0.273452 0.000587
0.273617 0.000586
0.273783 0.000585
0.273949 0.000585
0.274115 0.000584
0.274281 0.000583
0.274446 0.000583
0.274612 0.000582
0.274778 0.000581
0.274944 0.000581
0.275110 0.000580
0.275275 0.000579
0.275441 0.000579
0.275607 0.000578
0.275773 0.000577
0.275939 0.000577
0.276104 0.000576
0.276270 0.000575
0.276436 0.000574
0.276602 0.000574
0.276767 0.000573
0.276933 0.000572
0.277099 0.000571
0.277265 0.000570
0.277431 0.000570
0.277596 0.000569
0.277762 0.000568
0.277928 0.000567
0.278094 0.000566
0.278260 0.000565
0.278425 0.000565
0.278591 0.000564
0.278757 0.000563
0.278923 0.000562
0.279089 0.000561
0.279254 0.000560
0.279420 0.000559
0.279586 0.000558
0.279752 0.000557
0.279918 0.000556
0.280083 0.000556
0.280249 0.000555
0.280415 0.000554
0.280581 0.000553
0.280746 0.000552
0.280912 0.000551
0.281078 0.000550
0.281244 0.000549
0.281410 0.000548
0.281575 0.000547
0.281741 0.000546
0.281907 0.000545
0.282073 0.000544
0.282239 0.000543
0.282404 0.000542
0.282570 0.000541
0.282736 0.000540
0.282902 0.000539
0.283068 0.000538
0.283233 0.000536
0.283399 0.000535
0.283565 0.000534
0.283731 0.000533
0.283896 0.000532
0.284062 0.000531
0.284228 0.000530
0.284394 0.000529
0.284560 0.000528
0.284725 0.000527
0.284891 0.000526
0.285057 0.000524
0.285223 0.000523
0.285389 0.000522
0.285554 0.000521
0.285720 0.000520
0.285886 0.000519
0.286052 0.000518
0.286218 0.000516
0.286383 0.000515
0.286549 0.000514
0.286715 0.000513
0.286881 0.000512
0.287047 0.000510
0.287212 0.000509
0.287378 0.000508
0.287544 0.000507
0.287710 0.000506
0.287875 0.000505
0.288041 0.000503
0.288207 0.000502
0.288373 0.000501
0.288539 0.000500
0.288704 0.000498
0.288870 0.000497
0.289036 0.000496
0.289202 0.000495
0.289368 0.000493
0.289533 0.000492
0.289699 0.000491
0.289865 0.000490
0.290031 0.000488
0.290197 0.000487
0.290362 0.000486
0.290528 0.000485
0.290694 0.000483
0.290860 0.000482
0.291026 0.000481
0.291191 0.000480
0.291357 0.000478
0.291523 0.000477
0.291689 0.000476
0.291854 0.000475
0.292020 0.000473
0.292186 0.000472
0.292352 0.000471
0.292518 0.000469
0.292683 0.000468
0.292849 0.000467
0.293015 0.000466
0.293181 0.000464
0.293347 0.000463
0.293512 0.000462
0.293678 0.000460
0.293844 0.000459
0.294010 0.000458
0.294176 0.000457
0.294341 0.000455
0.294507 0.000454
0.294673 0.000453
0.294839 0.000451
0.295005 0.000450
0.295170 0.000449
0.295336 0.000447
0.295502 0.000446
0.295668 0.000445
0.295833 0.000444
0.295999 0.000442
0.296165 0.000441
0.296331 0.000440
0.296497 0.000438
0.296662 0.000437
0.296828 0.000436
0.296994 0.000434
0.297160 0.000433
0.297326 0.000432
0.297491 0.000431
0.297657 0.000429
0.297823 0.000428
0.297989 0.000427
0.298155 0.000425
0.298320 0.000424
0.298486 0.000423
0.298652 0.000422
0.298818 0.000420
0.298984 0.000419
0.299149 0.000418
0.299315 0.000416
0.299481 0.000415
0.299647 0.000414
0.299812 0.000413
0.299978 0.000411
0.300144 0.000410
0.300310 0.000409
0.300476 0.000408
0.300641 0.000406
0.300807 0.000405
0.300973 0.000404
0.301139 0.000403
0.301305 0.000401
0.301470 0.000400
0.301636 0.000399
0.301802 0.000398
0.301968 0.000396
0.302134 0.000395
0.302299 0.000394
0.302465 0.000393
0.302631 0.000392
0.302797 0.000390
0.302963 0.000389
0.303128 0.000388
0.303294 0.000387
0.303460 0.000385
0.303626 0.000384
0.303791 0.000383
0.303957 0.000382
0.304123 0.000381
0.304289 0.000380
0.304455 0.000378
0.304620 0.000377
0.304786 0.000376
0.304952 0.000375
0.305118 0.000374
0.305284 0.000373
0.305449 0.000371
0.305615 0.000370
0.305781 0.000369
0.305947 0.000368
0.306113 0.000367
0.306278 0.000366
0.306444 0.000365
0.306610 0.000363
0.306776 0.000362
0.306942 0.000361
0.307107 0.000360
0.307273 0.000359
0.307439 0.000358
0.307605 0.000357
0.307770 0.000356
0.307936 0.000355
0.308102 0.000354
0.308268 0.000353
0.308434 0.000352
0.308599 0.000350
0.308765 0.000349
0.308931 0.000348
0.309097 0.000347
0.309263 0.000346
0.309428 0.000345
0.309594 0.000344
0.309760 0.000343
0.309926 0.000342
0.310092 0.000341
0.310257 0.000340
0.310423 0.000339
0.310589 0.000338
0.310755 0.000337
0.310920 0.000336
0.311086 0.000335
0.311252 0.000334
0.311418 0.000333
0.311584 0.000333
0.311749 0.000332
0.311915 0.000331
0.312081 0.000330
0.312247 0.000329
0.312413 0.000328
0.312578 0.000327
0.312744 0.000326
0.312910 0.000325
0.313076 0.000324
0.313242 0.000323
0.313407 0.000323
0.313573 0.000322
0.313739 0.000321
0.313905 0.000320
0.314071 0.000319
0.314236 0.000318
0.314402 0.000317
0.314568 0.000317
0.314734 0.000316
0.314899 0.000315
0.315065 0.000314
0.315231 0.000313
0.315397 0.000313
0.315563 0.000312
0.315728 0.000311
0.315894 0.000310
0.316060 0.000310
0.316226 0.000309
0.316392 0.000308
0.316557 0.000307
0.316723 0.000307
0.316889 0.000306
0.317055 0.000305
0.317221 0.000304
0.317386 0.000304
0.317552 0.000303
0.317718 0.000302
0.317884 0.000302
0.318050 0.000301
0.318215 0.000300
0.318381 0.000300
0.318547 0.000299
0.318713 0.000298
0.318878 0.000298
0.319044 0.000297
0.319210 0.000296
0.319376 0.000296
0.319542 0.000295
0.319707 0.000294
0.319873 0.000294
0.320039 0.000293
0.320205 0.000293
0.320371 0.000292
0.320536 0.000292
0.320702 0.000291
0.320868 0.000290
0.321034 0.000290
0.321200 0.000289
0.321365 0.000289
0.321531 0.000288
0.321697 0.000288
0.321863 0.000287
0.322029 0.000287
0.322194 0.000286
0.322360 0.000286
0.322526 0.000285
0.322692 0.000285
0.322857 0.000284
0.323023 0.000284
0.323189 0.000283
0.323355 0.000283
0.323521 0.000282
0.323686 0.000282
0.323852 0.000282
0.324018 0.000281
0.324184 0.000281
0.324350 0.000280
0.324515 0.000280
0.324681 0.000279
0.324847 0.000279
0.325013 0.000279
0.325179 0.000278
0.325344 0.000278
0.325510 0.000278
0.325676 0.000277
0.325842 0.000277
0.326008 0.000276
0.326173 0.000276
0.326339 0.000276
0.326505 0.000275
0.326671 0.000275
0.326836 0.000275
0.327002 0.000274
0.327168 0.000274
0.327334 0.000274
0.327500 0.000274
0.327665 0.000273
0.327831 0.000273
0.327997 0.000273
0.328163 0.000272
0.328329 0.000272
0.328494 0.000272
0.328660 0.000272
0.328826 0.000271
0.328992 0.000271
0.329158 0.000271
0.329323 0.000271
0.329489 0.000271
0.329655 0.000270
0.329821 0.000270
0.329987 0.000270
0.330152 0.000270
0.330318 0.000270
0.330484 0.000269
0.330650 0.000269
0.330815 0.000269
0.330981 0.000269
0.331147 0.000269
0.331313 0.000269
0.331479 0.000268
0.331644 0.000268
0.331810 0.000268
0.331976 0.000268
0.332142 0.000268
0.332308 0.000268
0.332473 0.000268
0.332639 0.000268
0.332805 0.000267
0.332971 0.000267
0.333137 0.000267
0.333302 0.000267
0.333468 0.000267
0.333634 0.000267
0.333800 0.000267
0.333966 0.000267
0.334131 0.000267
0.334297 0.000267
0.334463 0.000267
0.334629 0.000267
0.334794 0.000267
0.334960 0.000267
0.335126 0.000266
0.335292 0.000266
0.335458 0.000266
0.335623 0.000266
0.335789 0.000266
0.335955 0.000266
0.336121 0.000266
0.336287 0.000266
0.336452 0.000266
0.336618 0.000266
0.336784 0.000266
0.336950 0.000266
0.337116 0.000266
0.337281 0.000266
0.337447 0.000267
0.337613 0.000267
0.337779 0.000267
0.337944 0.000267
0.338110 0.000267
0.338276 0.000267
0.338442 0.000267
0.338608 0.000267
0.338773 0.000267
0.338939 0.000267
0.339105 0.000267
0.339271 0.000267
0.339437 0.000267
0.339602 0.000267
0.339768 0.000267
0.339934 0.000267
