# rebinned data
# q            I            dI          
  6.80764e-03  2.58554e-02  3.60895e-03 
  7.00487e-03  2.48925e-02  2.49336e-03 
  7.26785e-03  2.61044e-02  2.36018e-03 
  7.53083e-03  2.55856e-02  2.21958e-03 
  7.79380e-03  2.59957e-02  2.13283e-03 
  8.05678e-03  2.63858e-02  2.03254e-03 
  8.31976e-03  2.57326e-02  1.96881e-03 
  8.58274e-03  2.63970e-02  1.88321e-03 
  8.84571e-03  2.46528e-02  1.81148e-03 
  9.10869e-03  2.64309e-02  1.75977e-03 
  9.37167e-03  2.61111e-02  1.70206e-03 
  9.63465e-03  2.60078e-02  1.64257e-03 
  9.89762e-03  2.57847e-02  1.59626e-03 
  1.01606e-02  2.65586e-02  1.54901e-03 
  1.04236e-02  2.67890e-02  1.52664e-03 
  1.06866e-02  2.69438e-02  1.47398e-03 
  1.09495e-02  2.58915e-02  1.43985e-03 
  1.12125e-02  2.57234e-02  1.39060e-03 
  1.14755e-02  2.55702e-02  1.35083e-03 
  1.17385e-02  2.54542e-02  1.30489e-03 
  1.20014e-02  2.50374e-02  1.26159e-03 
  1.22644e-02  2.50891e-02  1.20450e-03 
  1.25274e-02  2.50630e-02  1.17080e-03 
  1.27904e-02  2.53476e-02  1.13228e-03 
  1.30534e-02  2.45777e-02  1.10717e-03 
  1.33163e-02  2.51483e-02  1.08493e-03 
  1.35793e-02  2.45696e-02  1.06454e-03 
  1.38423e-02  2.46412e-02  1.04834e-03 
  1.41053e-02  2.42565e-02  1.02598e-03 
  1.43682e-02  2.37177e-02  1.01630e-03 
  1.46312e-02  2.41642e-02  9.97669e-04 
  1.48942e-02  2.41941e-02  9.86398e-04 
  1.51572e-02  2.39881e-02  9.75005e-04 
  1.54201e-02  2.39277e-02  9.61403e-04 
  1.56831e-02  2.38232e-02  9.54698e-04 
  1.59461e-02  2.37524e-02  9.37828e-04 
  1.62748e-02  2.33307e-02  7.52433e-04 
  1.66693e-02  2.33390e-02  7.40591e-04 
  1.70638e-02  2.30266e-02  7.29892e-04 
  1.74582e-02  2.28300e-02  7.18774e-04 
  1.78527e-02  2.25519e-02  7.08216e-04 
  1.82472e-02  2.25149e-02  6.98962e-04 
  1.86416e-02  2.22171e-02  6.85338e-04 
  1.90361e-02  2.20393e-02  6.77047e-04 
  1.94306e-02  2.18360e-02  6.66879e-04 
  1.98250e-02  2.15386e-02  6.57471e-04 
  2.02195e-02  2.11866e-02  6.51658e-04 
  2.06140e-02  2.10785e-02  6.40454e-04 
  2.10084e-02  2.09523e-02  6.34327e-04 
  2.14029e-02  2.03959e-02  6.25023e-04 
  2.17974e-02  2.03413e-02  6.17212e-04 
  2.21918e-02  2.02654e-02  6.11545e-04 
  2.25863e-02  1.98222e-02  6.03497e-04 
  2.29807e-02  1.95842e-02  5.96245e-04 
  2.33752e-02  1.94170e-02  5.89543e-04 
  2.37697e-02  1.91724e-02  5.84663e-04 
  2.42299e-02  1.90581e-02  4.99676e-04 
  2.47558e-02  1.86083e-02  4.92356e-04 
  2.52818e-02  1.83808e-02  4.86217e-04 
  2.58078e-02  1.80363e-02  4.78491e-04 
  2.63337e-02  1.75644e-02  4.72832e-04 
  2.68597e-02  1.73483e-02  4.68209e-04 
  2.73856e-02  1.70538e-02  4.61546e-04 
  2.79116e-02  1.67390e-02  4.55181e-04 
  2.84375e-02  1.63701e-02  4.49920e-04 
  2.89635e-02  1.60881e-02  4.45166e-04 
  2.94894e-02  1.56514e-02  4.39146e-04 
  3.00154e-02  1.55115e-02  4.34372e-04 
  3.05413e-02  1.49977e-02  4.30161e-04 
  3.10673e-02  1.49181e-02  4.24604e-04 
  3.15933e-02  1.45745e-02  4.20970e-04 
  3.21850e-02  1.40717e-02  3.71276e-04 
  3.28424e-02  1.39427e-02  3.66677e-04 
  3.34998e-02  1.34339e-02  3.67306e-04 
  3.41573e-02  1.28882e-02  3.70653e-04 
  3.48147e-02  1.28909e-02  3.70484e-04 
  3.54722e-02  1.22758e-02  3.74468e-04 
  3.61296e-02  1.19619e-02  3.81212e-04 
  3.67871e-02  1.18054e-02  3.83195e-04 
  3.74445e-02  1.13736e-02  3.84390e-04 
  3.81019e-02  1.11562e-02  3.84426e-04 
  3.87594e-02  1.07967e-02  3.74529e-04 
  3.94826e-02  1.05021e-02  3.36433e-04 
  4.02715e-02  1.00604e-02  3.32885e-04 
  4.10604e-02  9.76291e-03  3.29589e-04 
  4.18494e-02  9.22022e-03  3.25925e-04 
  4.26383e-02  9.09651e-03  3.22295e-04 
  4.34272e-02  8.67742e-03  3.20426e-04 
  4.42162e-02  8.27855e-03  3.17670e-04 
  4.50051e-02  7.91140e-03  3.14741e-04 
  4.57940e-02  7.63248e-03  3.12452e-04 
  4.66487e-02  7.34528e-03  2.96116e-04 
  4.75691e-02  7.16179e-03  3.00971e-04 
  4.84896e-02  6.62086e-03  3.03542e-04 
  4.94100e-02  6.28560e-03  3.05185e-04 
  5.03304e-02  5.96063e-03  3.06647e-04 
  5.12508e-02  5.62102e-03  3.07404e-04 
  5.21712e-02  5.51614e-03  3.08701e-04 
  5.30917e-02  5.25304e-03  3.09250e-04 
  5.40778e-02  4.87135e-03  2.89810e-04 
  5.51297e-02  4.72880e-03  2.90344e-04 
  5.61816e-02  4.42672e-03  2.90526e-04 
  5.72336e-02  4.05470e-03  2.89845e-04 
  5.82855e-02  3.82816e-03  2.88723e-04 
  5.93374e-02  3.57709e-03  2.84471e-04 
  6.03893e-02  3.37080e-03  2.82797e-04 
  6.15069e-02  3.13598e-03  2.64851e-04 
  6.26903e-02  2.94235e-03  2.63706e-04 
  6.38737e-02  2.64625e-03  2.61963e-04 
  6.50571e-02  2.58285e-03  2.60792e-04 
  6.62405e-02  2.35376e-03  2.58811e-04 
  6.74897e-02  2.12398e-03  2.44089e-04 
  6.88046e-02  2.03632e-03  2.42385e-04 
  7.01194e-02  1.90532e-03  2.41072e-04 
  7.14343e-02  1.70143e-03  2.39600e-04 
  7.27492e-02  1.56924e-03  2.38071e-04 
  7.40641e-02  1.43121e-03  2.36992e-04 
  7.54447e-02  1.50572e-03  2.24358e-04 
  7.68911e-02  1.24665e-03  2.22964e-04 
  7.83375e-02  1.17980e-03  2.21778e-04 
  7.97839e-02  1.26106e-03  2.20187e-04 
  8.12302e-02  1.19653e-03  2.19264e-04 
  8.27424e-02  1.18660e-03  2.08914e-04 
  8.43202e-02  1.12457e-03  2.07534e-04 
  8.58981e-02  1.04265e-03  2.06366e-04 
  8.74760e-02  1.04902e-03  2.05298e-04 
  8.91196e-02  1.09574e-03  1.95999e-04 
  9.08289e-02  1.14042e-03  1.95782e-04 
  9.25383e-02  1.12672e-03  2.04053e-04 
  9.42476e-02  1.24570e-03  1.98022e-04 
  9.60227e-02  1.20397e-03  1.88174e-04 
  9.78636e-02  1.32475e-03  1.85607e-04 
  9.97044e-02  1.41087e-03  1.83185e-04 
  1.01545e-01  1.38589e-03  1.82664e-04 
  1.03452e-01  1.51021e-03  1.75231e-04 
  1.05424e-01  1.57439e-03  1.74219e-04 
  1.07396e-01  1.66524e-03  1.80359e-04 
  1.09435e-01  1.73786e-03  1.85433e-04 
  1.11538e-01  1.72734e-03  1.88280e-04 
  1.13642e-01  1.81875e-03  1.78315e-04 
  1.15746e-01  1.80429e-03  1.73907e-04 
  1.17916e-01  2.02332e-03  1.64917e-04 
  1.20151e-01  1.97128e-03  1.60780e-04 
  1.22386e-01  1.96885e-03  1.58754e-04 
  1.24687e-01  2.04885e-03  1.53025e-04 
  1.27054e-01  2.07622e-03  1.51678e-04 
  1.29487e-01  2.12430e-03  1.46400e-04 
  1.31985e-01  2.09973e-03  1.45313e-04 
  1.34483e-01  2.15125e-03  1.44286e-04 
  1.37047e-01  2.21879e-03  1.39523e-04 
  1.39677e-01  2.09824e-03  1.38352e-04 
  1.42307e-01  2.14556e-03  1.36995e-04 
  1.45002e-01  2.08268e-03  1.32875e-04 
  1.47764e-01  2.07841e-03  1.31793e-04 
  1.50591e-01  2.10506e-03  1.27973e-04 
  1.53483e-01  2.05342e-03  1.26903e-04 
  1.56376e-01  2.02854e-03  1.25847e-04 
  1.59335e-01  1.96109e-03  1.22136e-04 
  1.62359e-01  1.84971e-03  1.21088e-04 
  1.65449e-01  1.80977e-03  1.17563e-04 
  1.68604e-01  1.78472e-03  1.16598e-04 
  1.71826e-01  1.75531e-03  1.13308e-04 
  1.75113e-01  1.67980e-03  1.12388e-04 
  1.78466e-01  1.58439e-03  1.09290e-04 
  1.81885e-01  1.49217e-03  1.15518e-04 
  1.85369e-01  1.42729e-03  1.16887e-04 
  1.88919e-01  1.29979e-03  1.09149e-04 
  1.92535e-01  1.29895e-03  1.04073e-04 
  1.96217e-01  1.18819e-03  1.02703e-04 
  1.99965e-01  1.16509e-03  9.97712e-05 
  2.03778e-01  1.05040e-03  9.87225e-05 
  2.07657e-01  9.74804e-04  9.61502e-05 
  2.11667e-01  9.56245e-04  9.37609e-05 
  2.15743e-01  9.16628e-04  9.28583e-05 
  2.19885e-01  8.55123e-04  9.04773e-05 
  2.24093e-01  8.16224e-04  8.96413e-05 
  2.28366e-01  7.53621e-04  8.77084e-05 
  2.32771e-01  6.94362e-04  9.25662e-05 
  2.37242e-01  6.71375e-04  9.49721e-05 
  2.41778e-01  6.42095e-04  9.49174e-05 
  2.46446e-01  6.03808e-04  9.45715e-05 
  2.51245e-01  6.19909e-04  9.41737e-05 
  2.56110e-01  5.96405e-04  1.04976e-04 
  2.61041e-01  5.68047e-04  1.14346e-04 
  2.66103e-01  5.89868e-04  1.19633e-04 
  2.71231e-01  6.21051e-04  1.26046e-04 
  2.76425e-01  5.60516e-04  1.31163e-04 
  2.81751e-01  4.85464e-04  1.37084e-04 
  2.87207e-01  5.56398e-04  1.44040e-04 
  2.92796e-01  4.87871e-04  1.50444e-04 
  2.98515e-01  5.04213e-04  1.56564e-04 
  3.04301e-01  5.27045e-04  1.69317e-04 
  3.10152e-01  5.27800e-04  1.83116e-04 
  3.16135e-01  4.64195e-04  2.02178e-04 
  3.22249e-01  5.10419e-04  2.30070e-04 
  3.28495e-01  3.98279e-04  2.76152e-04 
  3.34872e-01  4.59783e-04  3.80505e-04 
  3.39080e-01  5.00606e-04  1.00934e-03 
