# rebinned data
# q            I            dI          
  6.54466e-03  6.27569e-02  4.19432e-03 
  6.74189e-03  6.33366e-02  2.84638e-03 
  7.00487e-03  6.31055e-02  2.73899e-03 
  7.26785e-03  6.41061e-02  2.60685e-03 
  7.53083e-03  6.36657e-02  2.46745e-03 
  7.79380e-03  6.41870e-02  2.38457e-03 
  8.05678e-03  6.49369e-02  2.28758e-03 
  8.31976e-03  6.37153e-02  2.22389e-03 
  8.58274e-03  6.38599e-02  2.13418e-03 
  8.84571e-03  6.22234e-02  2.06290e-03 
  9.10869e-03  6.40109e-02  2.01321e-03 
  9.37167e-03  6.36226e-02  1.95340e-03 
  9.63465e-03  6.35510e-02  1.89438e-03 
  9.89762e-03  6.22440e-02  1.83991e-03 
  1.01606e-02  6.27141e-02  1.78781e-03 
  1.04236e-02  6.27058e-02  1.76625e-03 
  1.06866e-02  6.29871e-02  1.71088e-03 
  1.09495e-02  6.17795e-02  1.67396e-03 
  1.12125e-02  6.15067e-02  1.62070e-03 
  1.14755e-02  6.09249e-02  1.57526e-03 
  1.17385e-02  6.06538e-02  1.52556e-03 
  1.20014e-02  6.00564e-02  1.47719e-03 
  1.22644e-02  6.06038e-02  1.41750e-03 
  1.25274e-02  6.00380e-02  1.37716e-03 
  1.27904e-02  6.03880e-02  1.33467e-03 
  1.30534e-02  5.99646e-02  1.30905e-03 
  1.33163e-02  5.95546e-02  1.27780e-03 
  1.35793e-02  5.90322e-02  1.25671e-03 
  1.38423e-02  5.88241e-02  1.23778e-03 
  1.41053e-02  5.87609e-02  1.21448e-03 
  1.43682e-02  5.82783e-02  1.20612e-03 
  1.46312e-02  5.83687e-02  1.18244e-03 
  1.48942e-02  5.84211e-02  1.16979e-03 
  1.51572e-02  5.73189e-02  1.15315e-03 
  1.54201e-02  5.74270e-02  1.13830e-03 
  1.56831e-02  5.67276e-02  1.12900e-03 
  1.60118e-02  5.66097e-02  9.01936e-04 
  1.64063e-02  5.63321e-02  8.87900e-04 
  1.68008e-02  5.56495e-02  8.72706e-04 
  1.71952e-02  5.51968e-02  8.60320e-04 
  1.75897e-02  5.51999e-02  8.48564e-04 
  1.79842e-02  5.42212e-02  8.31923e-04 
  1.83786e-02  5.41670e-02  8.21323e-04 
  1.87731e-02  5.35515e-02  8.08923e-04 
  1.91676e-02  5.31194e-02  7.94166e-04 
  1.95620e-02  5.25073e-02  7.86634e-04 
  1.99565e-02  5.21523e-02  7.74005e-04 
  2.03510e-02  5.12331e-02  7.62481e-04 
  2.07454e-02  5.12380e-02  7.53786e-04 
  2.11399e-02  5.06660e-02  7.44915e-04 
  2.15344e-02  5.01916e-02  7.35540e-04 
  2.19288e-02  4.96869e-02  7.25371e-04 
  2.23233e-02  4.92456e-02  7.15603e-04 
  2.27178e-02  4.88062e-02  7.07826e-04 
  2.31122e-02  4.80331e-02  6.97359e-04 
  2.35067e-02  4.75053e-02  6.91468e-04 
  2.39669e-02  4.68004e-02  5.90606e-04 
  2.44929e-02  4.66197e-02  5.81622e-04 
  2.50188e-02  4.57270e-02  5.71709e-04 
  2.55448e-02  4.53461e-02  5.64884e-04 
  2.60707e-02  4.44248e-02  5.56154e-04 
  2.65967e-02  4.37321e-02  5.49357e-04 
  2.71226e-02  4.32268e-02  5.41890e-04 
  2.76486e-02  4.25631e-02  5.33704e-04 
  2.81746e-02  4.20750e-02  5.27026e-04 
  2.87005e-02  4.11597e-02  5.19114e-04 
  2.92265e-02  4.06754e-02  5.15079e-04 
  2.97524e-02  4.02103e-02  5.06212e-04 
  3.02784e-02  3.92492e-02  5.00041e-04 
  3.08043e-02  3.87249e-02  4.93569e-04 
  3.13303e-02  3.81855e-02  4.89061e-04 
  3.19220e-02  3.73873e-02  4.30702e-04 
  3.25794e-02  3.68657e-02  4.24710e-04 
  3.32369e-02  3.57749e-02  4.20186e-04 
  3.38943e-02  3.50794e-02  4.24927e-04 
  3.45518e-02  3.44335e-02  4.24707e-04 
  3.52092e-02  3.34640e-02  4.24919e-04 
  3.58666e-02  3.29548e-02  4.34692e-04 
  3.65241e-02  3.23472e-02  4.36367e-04 
  3.71815e-02  3.15894e-02  4.36667e-04 
  3.78390e-02  3.08479e-02  4.38646e-04 
  3.84964e-02  3.00843e-02  4.28752e-04 
  3.92196e-02  2.95241e-02  3.82621e-04 
  4.00085e-02  2.86520e-02  3.77264e-04 
  4.07975e-02  2.78350e-02  3.72654e-04 
  4.15864e-02  2.70043e-02  3.67700e-04 
  4.23753e-02  2.66136e-02  3.63571e-04 
  4.31643e-02  2.57281e-02  3.60037e-04 
  4.39532e-02  2.49017e-02  3.56159e-04 
  4.47421e-02  2.42009e-02  3.52709e-04 
  4.55311e-02  2.35416e-02  3.49134e-04 
  4.63857e-02  2.26509e-02  3.25412e-04 
  4.73062e-02  2.19717e-02  3.31974e-04 
  4.82266e-02  2.11392e-02  3.34454e-04 
  4.91470e-02  2.05213e-02  3.36532e-04 
  5.00674e-02  1.97487e-02  3.36826e-04 
  5.09878e-02  1.90471e-02  3.37757e-04 
  5.19083e-02  1.84802e-02  3.37711e-04 
  5.28287e-02  1.79456e-02  3.37441e-04 
  5.38148e-02  1.71519e-02  3.15917e-04 
  5.48668e-02  1.64762e-02  3.15404e-04 
  5.59187e-02  1.57466e-02  3.14880e-04 
  5.69706e-02  1.51862e-02  3.14179e-04 
  5.80225e-02  1.44777e-02  3.11868e-04 
  5.90744e-02  1.39607e-02  3.08065e-04 
  6.01263e-02  1.32882e-02  3.03929e-04 
  6.12440e-02  1.27365e-02  2.84199e-04 
  6.24274e-02  1.20499e-02  2.81853e-04 
  6.36108e-02  1.14249e-02  2.79453e-04 
  6.47942e-02  1.08632e-02  2.77238e-04 
  6.59776e-02  1.02897e-02  2.74658e-04 
  6.72267e-02  9.86801e-03  2.58580e-04 
  6.85416e-02  9.37445e-03  2.56122e-04 
  6.98565e-02  8.82858e-03  2.53856e-04 
  7.11714e-02  8.34616e-03  2.51936e-04 
  7.24862e-02  7.91353e-03  2.49466e-04 
  7.38011e-02  7.36010e-03  2.47852e-04 
  7.51818e-02  7.13774e-03  2.34352e-04 
  7.66281e-02  6.68517e-03  2.32246e-04 
  7.80745e-02  6.26024e-03  2.30391e-04 
  7.95209e-02  5.97335e-03  2.28488e-04 
  8.09673e-02  5.63145e-03  2.26803e-04 
  8.24794e-02  5.29277e-03  2.15422e-04 
  8.40572e-02  5.00279e-03  2.13710e-04 
  8.56351e-02  4.64562e-03  2.12141e-04 
  8.72130e-02  4.33807e-03  2.10648e-04 
  8.88566e-02  4.30259e-03  2.00762e-04 
  9.05659e-02  4.03547e-03  1.99465e-04 
  9.22753e-02  3.82102e-03  2.07970e-04 
  9.39846e-02  3.69353e-03  2.02170e-04 
  9.57597e-02  3.53033e-03  1.91876e-04 
  9.76006e-02  3.39287e-03  1.89001e-04 
  9.94414e-02  3.30973e-03  1.85869e-04 
  1.01282e-01  3.15991e-03  1.85174e-04 
  1.03189e-01  3.07976e-03  1.77426e-04 
  1.05161e-01  2.96755e-03  1.76164e-04 
  1.07134e-01  2.82411e-03  1.80238e-04 
  1.09172e-01  2.77216e-03  1.85692e-04 
  1.11275e-01  2.70181e-03  1.90458e-04 
  1.13379e-01  2.60063e-03  1.80069e-04 
  1.15483e-01  2.47355e-03  1.75223e-04 
  1.17653e-01  2.54328e-03  1.65975e-04 
  1.19888e-01  2.49012e-03  1.61780e-04 
  1.22123e-01  2.37214e-03  1.59353e-04 
  1.24424e-01  2.40202e-03  1.53534e-04 
  1.26791e-01  2.37134e-03  1.52077e-04 
  1.29224e-01  2.32433e-03  1.46736e-04 
  1.31722e-01  2.28366e-03  1.45536e-04 
  1.34220e-01  2.26919e-03  1.44551e-04 
  1.36784e-01  2.34257e-03  1.39734e-04 
  1.39414e-01  2.23871e-03  1.38543e-04 
  1.42044e-01  2.29176e-03  1.37204e-04 
  1.44739e-01  2.18572e-03  1.33046e-04 
  1.47501e-01  2.30252e-03  1.32031e-04 
  1.50328e-01  2.24739e-03  1.28179e-04 
  1.53220e-01  2.23548e-03  1.27129e-04 
  1.56113e-01  2.21158e-03  1.26092e-04 
  1.59072e-01  2.20590e-03  1.22402e-04 
  1.62096e-01  2.12189e-03  1.21369e-04 
  1.65186e-01  2.11236e-03  1.17856e-04 
  1.68342e-01  2.05480e-03  1.16920e-04 
  1.71563e-01  2.09117e-03  1.13626e-04 
  1.74850e-01  2.05545e-03  1.12720e-04 
  1.78203e-01  1.94167e-03  1.09627e-04 
  1.81622e-01  1.86674e-03  1.14994e-04 
  1.85106e-01  1.82749e-03  1.17567e-04 
  1.88657e-01  1.75129e-03  1.09863e-04 
  1.92272e-01  1.68328e-03  1.04458e-04 
  1.95954e-01  1.63560e-03  1.03110e-04 
  1.99702e-01  1.62439e-03  1.00164e-04 
  2.03515e-01  1.53446e-03  9.91219e-05 
  2.07394e-01  1.47444e-03  9.65373e-05 
  2.11404e-01  1.43218e-03  9.41126e-05 
  2.15480e-01  1.34442e-03  9.31833e-05 
  2.19622e-01  1.30821e-03  9.08204e-05 
  2.23830e-01  1.27405e-03  8.99696e-05 
  2.28103e-01  1.18914e-03  8.78534e-05 
  2.32508e-01  1.18215e-03  9.25544e-05 
  2.36979e-01  1.09649e-03  9.51490e-05 
  2.41515e-01  1.05824e-03  9.51336e-05 
  2.46183e-01  1.02070e-03  9.47824e-05 
  2.50982e-01  9.77833e-04  9.43712e-05 
  2.55847e-01  9.62324e-04  1.04296e-04 
  2.60778e-01  9.82393e-04  1.14286e-04 
  2.65840e-01  9.26453e-04  1.19565e-04 
  2.70968e-01  8.94293e-04  1.25924e-04 
  2.76162e-01  8.65532e-04  1.31041e-04 
  2.81488e-01  8.71968e-04  1.37063e-04 
  2.86944e-01  7.82241e-04  1.43841e-04 
  2.92533e-01  8.08133e-04  1.50491e-04 
  2.98252e-01  7.70088e-04  1.56270e-04 
  3.04038e-01  7.75109e-04  1.68946e-04 
  3.09889e-01  8.26507e-04  1.82710e-04 
  3.15872e-01  7.43114e-04  2.01489e-04 
  3.21986e-01  7.46949e-04  2.28873e-04 
  3.28232e-01  7.25303e-04  2.74192e-04 
  3.34609e-01  7.19781e-04  3.73537e-04 
  3.38948e-01  4.21172e-04  9.32499e-04 
