# rebinned data
# q            I            dI          
  6.54466e-03  4.52065e-02  4.04997e-03 
  6.74189e-03  4.41271e-02  2.73283e-03 
  7.00487e-03  4.48842e-02  2.62777e-03 
  7.26785e-03  4.42130e-02  2.48363e-03 
  7.53083e-03  4.46058e-02  2.34941e-03 
  7.79380e-03  4.53854e-02  2.26697e-03 
  8.05678e-03  4.60636e-02  2.16908e-03 
  8.31976e-03  4.54005e-02  2.10726e-03 
  8.58274e-03  4.52332e-02  2.01559e-03 
  8.84571e-03  4.43387e-02  1.94970e-03 
  9.10869e-03  4.55235e-02  1.89503e-03 
  9.37167e-03  4.43680e-02  1.83094e-03 
  9.63465e-03  4.37009e-02  1.76771e-03 
  9.89762e-03  4.32774e-02  1.71936e-03 
  1.01606e-02  4.34016e-02  1.66629e-03 
  1.04236e-02  4.40849e-02  1.64816e-03 
  1.06866e-02  4.37269e-02  1.59040e-03 
  1.09495e-02  4.30644e-02  1.55763e-03 
  1.12125e-02  4.33354e-02  1.50977e-03 
  1.14755e-02  4.24672e-02  1.46375e-03 
  1.17385e-02  4.28446e-02  1.41985e-03 
  1.20014e-02  4.22996e-02  1.37355e-03 
  1.22644e-02  4.23409e-02  1.31368e-03 
  1.25274e-02  4.22206e-02  1.27735e-03 
  1.27904e-02  4.27839e-02  1.23831e-03 
  1.30534e-02  4.20961e-02  1.21245e-03 
  1.33163e-02  4.16524e-02  1.18252e-03 
  1.35793e-02  4.14578e-02  1.16373e-03 
  1.38423e-02  4.13997e-02  1.14611e-03 
  1.41053e-02  4.11657e-02  1.12331e-03 
  1.43682e-02  4.17942e-02  1.12058e-03 
  1.46312e-02  4.11612e-02  1.09433e-03 
  1.48942e-02  4.04655e-02  1.07842e-03 
  1.51572e-02  4.05103e-02  1.06797e-03 
  1.54201e-02  4.02189e-02  1.05208e-03 
  1.56831e-02  3.96916e-02  1.04337e-03 
  1.60118e-02  3.95807e-02  8.33122e-04 
  1.64063e-02  3.94430e-02  8.20210e-04 
  1.68008e-02  3.93866e-02  8.08391e-04 
  1.71952e-02  3.86414e-02  7.95469e-04 
  1.75897e-02  3.84032e-02  7.83265e-04 
  1.79842e-02  3.82729e-02  7.70684e-04 
  1.83786e-02  3.82907e-02  7.60727e-04 
  1.87731e-02  3.75517e-02  7.48465e-04 
  1.91676e-02  3.75911e-02  7.36142e-04 
  1.95620e-02  3.70470e-02  7.29031e-04 
  1.99565e-02  3.64314e-02  7.16024e-04 
  2.03510e-02  3.64085e-02  7.08159e-04 
  2.07454e-02  3.62112e-02  6.99265e-04 
  2.11399e-02  3.55914e-02  6.90644e-04 
  2.15344e-02  3.53958e-02  6.82477e-04 
  2.19288e-02  3.50746e-02  6.73557e-04 
  2.23233e-02  3.48383e-02  6.64720e-04 
  2.27178e-02  3.43998e-02  6.57255e-04 
  2.31122e-02  3.43561e-02  6.49848e-04 
  2.35067e-02  3.39788e-02  6.44642e-04 
  2.39669e-02  3.33322e-02  5.50482e-04 
  2.44929e-02  3.31802e-02  5.42100e-04 
  2.50188e-02  3.24480e-02  5.32935e-04 
  2.55448e-02  3.22614e-02  5.27035e-04 
  2.60707e-02  3.15286e-02  5.19125e-04 
  2.65967e-02  3.11694e-02  5.13563e-04 
  2.71226e-02  3.08585e-02  5.06930e-04 
  2.76486e-02  3.01102e-02  4.98853e-04 
  2.81746e-02  2.99343e-02  4.93196e-04 
  2.87005e-02  2.94287e-02  4.86702e-04 
  2.92265e-02  2.87802e-02  4.82342e-04 
  2.97524e-02  2.85278e-02  4.74392e-04 
  3.02784e-02  2.79131e-02  4.69355e-04 
  3.08043e-02  2.74068e-02  4.63125e-04 
  3.13303e-02  2.72358e-02  4.59816e-04 
  3.19220e-02  2.68492e-02  4.05726e-04 
  3.25794e-02  2.61641e-02  3.99537e-04 
  3.32369e-02  2.54760e-02  3.95895e-04 
  3.38943e-02  2.50165e-02  4.00791e-04 
  3.45518e-02  2.45644e-02  4.00869e-04 
  3.52092e-02  2.37862e-02  4.01343e-04 
  3.58666e-02  2.33704e-02  4.10685e-04 
  3.65241e-02  2.28889e-02  4.12416e-04 
  3.71815e-02  2.23381e-02  4.13133e-04 
  3.78390e-02  2.17659e-02  4.15233e-04 
  3.84964e-02  2.12265e-02  4.06226e-04 
  3.92196e-02  2.07328e-02  3.62599e-04 
  4.00085e-02  2.02138e-02  3.58209e-04 
  4.07975e-02  1.95663e-02  3.54108e-04 
  4.15864e-02  1.89189e-02  3.49688e-04 
  4.23753e-02  1.85902e-02  3.45778e-04 
  4.31643e-02  1.79807e-02  3.42844e-04 
  4.39532e-02  1.73201e-02  3.39495e-04 
  4.47421e-02  1.67388e-02  3.36334e-04 
  4.55311e-02  1.63042e-02  3.33373e-04 
  4.63857e-02  1.56985e-02  3.11153e-04 
  4.73062e-02  1.51957e-02  3.17709e-04 
  4.82266e-02  1.47336e-02  3.20783e-04 
  4.91470e-02  1.41846e-02  3.22872e-04 
  5.00674e-02  1.34028e-02  3.23011e-04 
  5.09878e-02  1.28489e-02  3.24200e-04 
  5.19083e-02  1.24378e-02  3.24431e-04 
  5.28287e-02  1.20857e-02  3.24492e-04 
  5.38148e-02  1.14093e-02  3.03925e-04 
  5.48668e-02  1.08288e-02  3.03668e-04 
  5.59187e-02  1.04399e-02  3.03798e-04 
  5.69706e-02  9.93193e-03  3.03102e-04 
  5.80225e-02  9.37969e-03  3.01208e-04 
  5.90744e-02  8.83583e-03  2.97386e-04 
  6.01263e-02  8.39608e-03  2.93880e-04 
  6.12440e-02  7.99873e-03  2.75075e-04 
  6.24274e-02  7.51451e-03  2.73148e-04 
  6.36108e-02  7.11178e-03  2.71214e-04 
  6.47942e-02  6.64607e-03  2.69270e-04 
  6.59776e-02  6.35606e-03  2.67315e-04 
  6.72267e-02  5.96311e-03  2.51715e-04 
  6.85416e-02  5.59667e-03  2.49445e-04 
  6.98565e-02  5.20364e-03  2.47520e-04 
  7.11714e-02  4.72356e-03  2.45657e-04 
  7.24862e-02  4.48676e-03  2.43542e-04 
  7.38011e-02  4.08719e-03  2.42249e-04 
  7.51818e-02  3.89929e-03  2.29138e-04 
  7.66281e-02  3.67882e-03  2.27418e-04 
  7.80745e-02  3.34539e-03  2.25763e-04 
  7.95209e-02  3.16481e-03  2.24084e-04 
  8.09673e-02  2.95030e-03  2.22609e-04 
  8.24794e-02  2.79917e-03  2.11749e-04 
  8.40572e-02  2.60216e-03  2.10232e-04 
  8.56351e-02  2.38361e-03  2.08856e-04 
  8.72130e-02  2.12427e-03  2.07472e-04 
  8.88566e-02  2.26873e-03  1.97977e-04 
  9.05659e-02  2.00279e-03  1.96739e-04 
  9.22753e-02  1.97612e-03  2.05351e-04 
  9.39846e-02  1.88386e-03  1.99720e-04 
  9.57597e-02  1.86802e-03  1.89757e-04 
  9.76006e-02  1.81529e-03  1.87039e-04 
  9.94414e-02  1.79234e-03  1.84037e-04 
  1.01282e-01  1.83229e-03  1.83570e-04 
  1.03189e-01  1.87193e-03  1.76064e-04 
  1.05161e-01  1.82286e-03  1.74911e-04 
  1.07134e-01  1.95928e-03  1.79312e-04 
  1.09172e-01  1.88341e-03  1.84733e-04 
  1.11275e-01  1.97756e-03  1.89707e-04 
  1.13379e-01  2.06304e-03  1.79594e-04 
  1.15483e-01  2.03689e-03  1.74902e-04 
  1.17653e-01  2.17828e-03  1.65749e-04 
  1.19888e-01  2.13810e-03  1.61568e-04 
  1.22123e-01  2.18475e-03  1.59346e-04 
  1.24424e-01  2.23761e-03  1.53565e-04 
  1.26791e-01  2.28246e-03  1.52179e-04 
  1.29224e-01  2.32869e-03  1.46954e-04 
  1.31722e-01  2.28560e-03  1.45751e-04 
  1.34220e-01  2.38940e-03  1.44873e-04 
  1.36784e-01  2.43631e-03  1.40031e-04 
  1.39414e-01  2.43812e-03  1.38945e-04 
  1.42044e-01  2.47277e-03  1.37595e-04 
  1.44739e-01  2.42948e-03  1.33486e-04 
  1.47501e-01  2.51569e-03  1.32433e-04 
  1.50328e-01  2.46662e-03  1.28564e-04 
  1.53220e-01  2.47804e-03  1.27543e-04 
  1.56113e-01  2.49000e-03  1.26527e-04 
  1.59072e-01  2.46431e-03  1.22802e-04 
  1.62096e-01  2.38582e-03  1.21776e-04 
  1.65186e-01  2.39173e-03  1.18268e-04 
  1.68342e-01  2.31098e-03  1.17304e-04 
  1.71563e-01  2.27602e-03  1.13940e-04 
  1.74850e-01  2.24169e-03  1.13040e-04 
  1.78203e-01  2.11752e-03  1.09927e-04 
  1.81622e-01  2.03677e-03  1.15313e-04 
  1.85106e-01  1.93772e-03  1.17829e-04 
  1.88657e-01  1.85413e-03  1.10099e-04 
  1.92272e-01  1.77981e-03  1.04686e-04 
  1.95954e-01  1.68854e-03  1.03290e-04 
  1.99702e-01  1.71786e-03  1.00376e-04 
  2.03515e-01  1.51154e-03  9.92428e-05 
  2.07394e-01  1.42044e-03  9.66334e-05 
  2.11404e-01  1.38982e-03  9.42036e-05 
  2.15480e-01  1.32509e-03  9.33034e-05 
  2.19622e-01  1.21744e-03  9.08790e-05 
  2.23830e-01  1.17644e-03  9.00296e-05 
  2.28103e-01  1.07690e-03  8.79000e-05 
  2.32508e-01  1.06421e-03  9.25974e-05 
  2.36979e-01  9.97449e-04  9.52122e-05 
  2.41515e-01  8.91235e-04  9.51394e-05 
  2.46183e-01  8.99901e-04  9.48390e-05 
  2.50982e-01  8.33592e-04  9.43986e-05 
  2.55847e-01  8.21940e-04  1.04327e-04 
  2.60778e-01  8.38721e-04  1.14330e-04 
  2.65840e-01  7.72116e-04  1.19588e-04 
  2.70968e-01  7.65699e-04  1.25974e-04 
  2.76162e-01  8.12140e-04  1.31175e-04 
  2.81488e-01  7.11247e-04  1.37088e-04 
  2.86944e-01  6.72026e-04  1.43929e-04 
  2.92533e-01  7.00952e-04  1.50569e-04 
  2.98252e-01  6.33694e-04  1.56337e-04 
  3.04038e-01  7.37728e-04  1.69126e-04 
  3.09889e-01  6.79304e-04  1.82741e-04 
  3.15872e-01  6.25101e-04  2.01597e-04 
  3.21986e-01  7.11411e-04  2.29113e-04 
  3.28232e-01  6.59715e-04  2.74471e-04 
  3.34609e-01  6.91631e-04  3.74057e-04 
  3.38948e-01  4.88397e-04  9.33947e-04 
