# rebinned data
# q            I            dI          
  8.51699e-03  1.47504e-02  2.57169e-03 
  8.71422e-03  1.43531e-02  1.76135e-03 
  8.97720e-03  1.43188e-02  1.71314e-03 
  9.24018e-03  1.53796e-02  1.64686e-03 
  9.50316e-03  1.53822e-02  1.58654e-03 
  9.76613e-03  1.49300e-02  1.54843e-03 
  1.00291e-02  1.44232e-02  1.49520e-03 
  1.02921e-02  1.49809e-02  1.45427e-03 
  1.05551e-02  1.54053e-02  1.40664e-03 
  1.08180e-02  1.50283e-02  1.36871e-03 
  1.10810e-02  1.52659e-02  1.35045e-03 
  1.13440e-02  1.46667e-02  1.29804e-03 
  1.16070e-02  1.51841e-02  1.26380e-03 
  1.18700e-02  1.42011e-02  1.19951e-03 
  1.21329e-02  1.47793e-02  1.15935e-03 
  1.23959e-02  1.46471e-02  1.12849e-03 
  1.26589e-02  1.49744e-02  1.08834e-03 
  1.29219e-02  1.46814e-02  1.05287e-03 
  1.31848e-02  1.45353e-02  1.02611e-03 
  1.34478e-02  1.44206e-02  1.00921e-03 
  1.37108e-02  1.39373e-02  9.99279e-04 
  1.39738e-02  1.39230e-02  9.73328e-04 
  1.42367e-02  1.45571e-02  9.60436e-04 
  1.44997e-02  1.44320e-02  9.49850e-04 
  1.47627e-02  1.40110e-02  9.33449e-04 
  1.50257e-02  1.37684e-02  9.29443e-04 
  1.52887e-02  1.38349e-02  9.06714e-04 
  1.55516e-02  1.41254e-02  8.97496e-04 
  1.58146e-02  1.36612e-02  8.89160e-04 
  1.60776e-02  1.36573e-02  8.74511e-04 
  1.63406e-02  1.36509e-02  8.66989e-04 
  1.66035e-02  1.34433e-02  8.53023e-04 
  1.68665e-02  1.33423e-02  8.46874e-04 
  1.71295e-02  1.29563e-02  8.37702e-04 
  1.73925e-02  1.27349e-02  8.28900e-04 
  1.76555e-02  1.30871e-02  8.23452e-04 
  1.79842e-02  1.24732e-02  6.60056e-04 
  1.83786e-02  1.24812e-02  6.50751e-04 
  1.87731e-02  1.22357e-02  6.41546e-04 
  1.91676e-02  1.23429e-02  6.30871e-04 
  1.95620e-02  1.22383e-02  6.25955e-04 
  1.99565e-02  1.19424e-02  6.15609e-04 
  2.03510e-02  1.19069e-02  6.08121e-04 
  2.07454e-02  1.15216e-02  5.99613e-04 
  2.11399e-02  1.14187e-02  5.94067e-04 
  2.15344e-02  1.15342e-02  5.87822e-04 
  2.19288e-02  1.10294e-02  5.78935e-04 
  2.23233e-02  1.11067e-02  5.72014e-04 
  2.27178e-02  1.07946e-02  5.65696e-04 
  2.31122e-02  1.06962e-02  5.58753e-04 
  2.35067e-02  1.04532e-02  5.54538e-04 
  2.39012e-02  1.02828e-02  5.49733e-04 
  2.42956e-02  1.00796e-02  5.41115e-04 
  2.46901e-02  9.75336e-03  5.36459e-04 
  2.50846e-02  9.80362e-03  5.30265e-04 
  2.54790e-02  9.57514e-03  5.26126e-04 
  2.59392e-02  9.52238e-03  4.51155e-04 
  2.64652e-02  9.06714e-03  4.45335e-04 
  2.69912e-02  9.00611e-03  4.39607e-04 
  2.75171e-02  8.64881e-03  4.35205e-04 
  2.80431e-02  8.50045e-03  4.28565e-04 
  2.85690e-02  8.25065e-03  4.24903e-04 
  2.90950e-02  8.08382e-03  4.19919e-04 
  2.96209e-02  7.87518e-03  4.15111e-04 
  3.01469e-02  7.71063e-03  4.09944e-04 
  3.06728e-02  7.33639e-03  4.06692e-04 
  3.11988e-02  7.08389e-03  4.01585e-04 
  3.17247e-02  6.90035e-03  3.97793e-04 
  3.22507e-02  6.52207e-03  3.93326e-04 
  3.27767e-02  6.52211e-03  3.89373e-04 
  3.33026e-02  6.63476e-03  3.89202e-04 
  3.38943e-02  6.12086e-03  3.52019e-04 
  3.45518e-02  5.94014e-03  3.52485e-04 
  3.52092e-02  5.59278e-03  3.53639e-04 
  3.58666e-02  5.46663e-03  3.62659e-04 
  3.65241e-02  5.36778e-03  3.64985e-04 
  3.71815e-02  5.07241e-03  3.66174e-04 
  3.78390e-02  4.73107e-03  3.68518e-04 
  3.84964e-02  4.59246e-03  3.61221e-04 
  3.91539e-02  4.42716e-03  3.54338e-04 
  3.98113e-02  4.19384e-03  3.51197e-04 
  4.04687e-02  3.87572e-03  3.48058e-04 
  4.11919e-02  3.83361e-03  3.15188e-04 
  4.19809e-02  3.66348e-03  3.12774e-04 
  4.27698e-02  3.57346e-03  3.09579e-04 
  4.35587e-02  3.11587e-03  3.07141e-04 
  4.43477e-02  2.89932e-03  3.05562e-04 
  4.51366e-02  2.72397e-03  3.03112e-04 
  4.59255e-02  2.62655e-03  3.01492e-04 
  4.67145e-02  2.49437e-03  3.09334e-04 
  4.75034e-02  2.42162e-03  3.14000e-04 
  4.83581e-02  2.27067e-03  2.93521e-04 
  4.92785e-02  2.12947e-03  2.95804e-04 
  5.01989e-02  1.94981e-03  2.97242e-04 
  5.11193e-02  1.66585e-03  2.98917e-04 
  5.20398e-02  1.66273e-03  2.99869e-04 
  5.29602e-02  1.55797e-03  3.00720e-04 
  5.38806e-02  1.37704e-03  3.01760e-04 
  5.48010e-02  1.26457e-03  3.02508e-04 
  5.57872e-02  1.21975e-03  2.83674e-04 
  5.68391e-02  1.09107e-03  2.83836e-04 
  5.78910e-02  9.83670e-04  2.82749e-04 
  5.89429e-02  8.28963e-04  2.80607e-04 
  5.99948e-02  8.46637e-04  2.77937e-04 
  6.10467e-02  7.51076e-04  2.76801e-04 
  6.20986e-02  7.60193e-04  2.75803e-04 
  6.32163e-02  6.14641e-04  2.58515e-04 
  6.43997e-02  6.01595e-04  2.57841e-04 
  6.55831e-02  6.35334e-04  2.56453e-04 
  6.67665e-02  6.05531e-04  2.55339e-04 
  6.79499e-02  4.32468e-04  2.53658e-04 
  6.91990e-02  4.66257e-04  2.39495e-04 
  7.05139e-02  5.41016e-04  2.38232e-04 
  7.18288e-02  5.68012e-04  2.37316e-04 
  7.31437e-02  4.60084e-04  2.35978e-04 
  7.44586e-02  4.01259e-04  2.34859e-04 
  7.57735e-02  6.11033e-04  2.33684e-04 
  7.71541e-02  4.86641e-04  2.21586e-04 
  7.86005e-02  5.88343e-04  2.20618e-04 
  8.00468e-02  6.88383e-04  2.19331e-04 
  8.14932e-02  6.74007e-04  2.18321e-04 
  8.29396e-02  7.25822e-04  2.17544e-04 
  8.44517e-02  7.88802e-04  2.06972e-04 
  8.60296e-02  7.58612e-04  2.05912e-04 
  8.76074e-02  7.78865e-04  2.05030e-04 
  8.91853e-02  9.77285e-04  2.03806e-04 
  9.08289e-02  9.25902e-04  1.95600e-04 
  9.25383e-02  1.04811e-03  2.04046e-04 
  9.42476e-02  1.06428e-03  1.97883e-04 
  9.59570e-02  1.09103e-03  1.95356e-04 
  9.77321e-02  1.13639e-03  1.85699e-04 
  9.95729e-02  1.31150e-03  1.83188e-04 
  1.01414e-01  1.26794e-03  1.82680e-04 
  1.03255e-01  1.36186e-03  1.81432e-04 
  1.05161e-01  1.34413e-03  1.74193e-04 
  1.07134e-01  1.44114e-03  1.78545e-04 
  1.09106e-01  1.46422e-03  1.89934e-04 
  1.11144e-01  1.45804e-03  1.89144e-04 
  1.13248e-01  1.46913e-03  1.79028e-04 
  1.15352e-01  1.41710e-03  1.74280e-04 
  1.17455e-01  1.49879e-03  1.70386e-04 
  1.19625e-01  1.55761e-03  1.61188e-04 
  1.21860e-01  1.50529e-03  1.58639e-04 
  1.24096e-01  1.52928e-03  1.57267e-04 
  1.26397e-01  1.53686e-03  1.51587e-04 
  1.28763e-01  1.54810e-03  1.50227e-04 
  1.31196e-01  1.53129e-03  1.45112e-04 
  1.33694e-01  1.47262e-03  1.44012e-04 
  1.36193e-01  1.53322e-03  1.42909e-04 
  1.38757e-01  1.44160e-03  1.38132e-04 
  1.41386e-01  1.47767e-03  1.36840e-04 
  1.44016e-01  1.40479e-03  1.35846e-04 
  1.46712e-01  1.37445e-03  1.31580e-04 
  1.49473e-01  1.32943e-03  1.30652e-04 
  1.52300e-01  1.37174e-03  1.26727e-04 
  1.55193e-01  1.27811e-03  1.25704e-04 
  1.58085e-01  1.33436e-03  1.24715e-04 
  1.61044e-01  1.26248e-03  1.20998e-04 
  1.64068e-01  1.18987e-03  1.20052e-04 
  1.67158e-01  1.21986e-03  1.16603e-04 
  1.70314e-01  1.16993e-03  1.15692e-04 
  1.73535e-01  1.13575e-03  1.12370e-04 
  1.76823e-01  1.04883e-03  1.11492e-04 
  1.80175e-01  1.05015e-03  1.10645e-04 
  1.83594e-01  9.44622e-04  1.19441e-04 
  1.87079e-01  9.23123e-04  1.12358e-04 
  1.90629e-01  8.15963e-04  1.06837e-04 
  1.94245e-01  8.08623e-04  1.03138e-04 
  1.97926e-01  7.80526e-04  1.01909e-04 
  2.01674e-01  7.40907e-04  9.90955e-05 
  2.05487e-01  6.23345e-04  9.80426e-05 
  2.09366e-01  6.23430e-04  9.56415e-05 
  2.13376e-01  5.73193e-04  9.32039e-05 
  2.17453e-01  5.57693e-04  9.22765e-05 
  2.21594e-01  5.06023e-04  8.99664e-05 
  2.25802e-01  5.01618e-04  8.91462e-05 
  2.30075e-01  4.38776e-04  8.94839e-05 
  2.34480e-01  4.46141e-04  9.37312e-05 
  2.38951e-01  4.17598e-04  9.54376e-05 
  2.43487e-01  4.05607e-04  9.52042e-05 
  2.48155e-01  3.82658e-04  9.48162e-05 
  2.52954e-01  3.74705e-04  9.59100e-05 
  2.57820e-01  3.71556e-04  1.09935e-04 
  2.62750e-01  3.94650e-04  1.16559e-04 
  2.67813e-01  3.41443e-04  1.21707e-04 
  2.72941e-01  3.63571e-04  1.28010e-04 
  2.78135e-01  3.75059e-04  1.33481e-04 
  2.83460e-01  3.74114e-04  1.39610e-04 
  2.88917e-01  3.27426e-04  1.46727e-04 
  2.94505e-01  3.74055e-04  1.52255e-04 
  3.00225e-01  2.78402e-04  1.59881e-04 
  3.06010e-01  3.77671e-04  1.73475e-04 
  3.11861e-01  3.37472e-04  1.88468e-04 
  3.17844e-01  2.87811e-04  2.09589e-04 
  3.23958e-01  3.84482e-04  2.40800e-04 
  3.30204e-01  2.67566e-04  2.95769e-04 
  3.36581e-01  3.85893e-04  4.42795e-04 
  3.39934e-01  1.92204e-04  3.14935e-03 
